1.8
10.4
10.4
10.4
11.7
14.2
13.4
12.5
14.7
12.5
16.7
20.7
18.7
12.9
12.7
12.9
13.0
12.8
12.4
13.6
14.6
12.0
9.6
10.0
12.0
12.8
14.1
11.1
14.5
11.3
12.4
14.0
12.2
10.5
11.6
16.6
16.9
18.4
15.2
12.9
13.4
11.7
12.6
13.1
11.4
14.9
15.3
16.9
16.8
16.1
12.1
11.3
14.3
15.4
14.8
16.5
17.4
19.4
20.3
20.6
22.0
22.0
25.2
21.9
21.0
16.8
15.1
15.4
14.1
17.5
20.9
21.2
16.2
15.2
17.6
14.0
14.9
17.8
21.0
19.4
20.4
19.5
19.0
19.6
19.3
17.9
19.7
17.5
14.8
12.4
13.3
17.1
17.2
15.1
15.7
16.2
16.3
16.6
17.8
15.2
16.7
18.1
20.7
18.0
18.4
20.1
21.3
22.4
22.2
21.3
23.0
17.9
15.2
17.7
20.5
19.9
21.0
20.8
19.3
17.8
19.4
19.4
15.7
18.5
20.3
19.3
21.3
19.6
19.2
15.6
16.8
18.7
16.9
17.6
18.6
19.1
17.3
17.9
20.6
17.9
7.8
10.3
13.3
14.0
14.4
12.0
10.2
8.1
6.4
7.9
10.7
12.2
9.5
