13.9
7.9
8.9
8.4
8.9
12.5
12.2
5.7
3.4
8.0
7.7
11.0
13.4
13.0
14.9
17.1
20.2
13.9
7.6
1.8
4.9
3.7
7.2
10.5
11.7
15.5
13.0
13.3
14.8
18.5
19.8
22.3
25.2
22.9
18.5
13.3
12.5
10.3
10.2
11.4
14.2
14.4
19.8
25.5
22.6
17.3
17.7
16.4
15.6
16.7
18.5
23.3
20.6
15.6
18.8
23.6
23.8
24.8
25.3
24.3
26.6
26.6
21.7
20.2
17.7
18.8
21.1
18.5
20.6
22.6
19.5
19.2
20.2
21.9
23.4
20.8
21.7
15.6
15.1
20.0
20.4
20.1
18.9
20.0
19.3
19.4
20.3
22.1
23.3
21.0
22.9
25.3
23.1
23.2
19.6
21.2
22.8
21.0
13.3
16.4
19.4
21.7
19.7
20.7
23.7
24.0
20.6
10.5
11.7
12.7
13.9
11.0
15.0
12.5
11.7
13.9
15.7
14.8
15.2
17.4
17.1
15.6
11.8
10.8
13.3
17.0
22.3
18.9
15.9
18.9
20.7
14.7
12.5
13.4
12.9
15.1
12.7
8.7
11.0
18.3
12.8
11.9
15.8
17.4
12.0
13.1
21.0
18.2
17.1
12.9
11.7
14.0
