9.7
8.6
12.2
18.4
17.6
16.9
7.3
9.6
12.4
14.2
17.3
13.9
10.8
9.5
9.3
9.5
6.3
9.9
12.7
14.1
15.5
17.1
20.1
12.8
11.5
12.7
17.6
16.7
17.0
18.8
21.6
18.9
17.8
19.1
19.3
14.1
15.8
18.7
19.5
15.3
12.8
14.6
16.6
13.0
14.1
15.1
16.3
14.8
16.6
16.0
21.2
14.5
11.4
14.4
15.7
18.0
21.8
19.1
16.1
15.9
19.4
20.6
21.5
22.6
20.5
20.7
21.5
23.7
23.5
23.1
19.9
15.7
19.2
23.3
21.2
21.6
21.0
14.8
16.2
18.4
20.8
18.4
19.9
23.5
15.5
16.0
20.4
23.2
21.8
20.8
24.2
20.4
17.7
15.4
18.4
17.0
15.4
16.7
18.9
16.7
16.7
20.5
18.5
19.7
19.7
15.8
13.6
18.3
18.9
22.3
14.5
15.6
16.7
18.2
22.0
21.1
16.8
17.7
20.5
21.3
19.3
22.2
23.8
19.0
22.5
17.5
16.1
15.5
16.6
18.9
21.4
20.8
19.5
22.5
17.0
9.3
6.2
6.3
8.4
11.2
12.4
8.9
9.0
5.5
4.6
5.5
6.0
11.8
13.1
12.4
13.3
14.9
15.0
