0.0
0.0
10.4
0.1
0.0
0.1
0.1
0.0
0.0
0.2
0.0
0.0
0.0
0.0
0.0
0.0
0.0
0.0
15.9
0.0
0.0
3.7
13.0
12.2
1.4
14.2
10.8
5.3
0.2
0.0
0.0
0.0
5.7
4.1
0.1
0.0
13.7
25.4
0.0
0.4
0.0
0.0
0.0
0.0
0.0
3.0
6.8
1.1
7.5
4.8
0.4
0.0
0.0
0.0
0.0
0.0
3.4
0.1
0.0
0.0
0.0
0.0
0.0
0.0
0.0
0.0
0.0
0.0
0.0
0.0
0.0
8.4
19.2
1.7
0.1
0.2
0.7
0.2
0.0
0.0
6.1
0.0
1.2
0.1
0.0
0.0
0.0
3.9
0.2
0.0
0.0
0.0
0.0
0.0
0.0
0.0
0.0
0.0
0.0
0.5
0.2
1.4
14.1
0.6
0.0
0.0
0.0
0.0
0.0
5.9
9.0
0.0
0.0
0.0
0.0
0.0
0.0
0.0
0.0
0.0
0.0
0.0
2.2
1.6
0.5
0.2
0.0
0.0
0.0
0.0
0.0
0.0
0.0
0.0
0.0
0.0
0.1
0.1
0.0
0.0
0.0
8.6
0.2
0.0
0.0
0.0
0.0
0.0
0.0
0.0
0.0
0.0
0.0
