0.0
0.0
2.0
0.0
0.0
0.0
0.0
0.0
0.0
0.0
0.0
0.0
0.0
0.0
0.0
0.0
0.0
1.1
2.4
0.1
0.0
0.1
14.5
0.8
0.0
0.0
0.0
1.0
15.1
16.4
1.8
0.0
1.9
17.3
0.0
0.0
0.1
0.4
0.8
0.1
0.0
0.3
1.9
3.2
6.0
0.1
0.0
38.7
0.7
63.5
13.1
15.2
0.0
0.0
1.2
0.1
0.0
0.0
0.0
0.0
0.0
0.0
0.3
0.0
0.0
9.6
2.5
0.0
8.6
0.2
0.0
0.0
0.0
0.0
0.0
0.0
0.0
25.2
0.1
0.1
0.1
0.0
0.0
4.0
0.0
0.0
0.0
0.0
0.1
0.4
0.4
0.0
0.0
7.4
0.7
5.7
0.6
1.9
6.8
0.4
0.0
0.0
1.4
0.0
0.0
0.0
0.0
0.2
0.0
0.0
0.0
0.0
0.0
0.0
0.0
0.0
0.0
0.0
0.0
0.0
0.2
0.2
0.0
0.0
0.0
0.1
0.1
1.8
1.5
0.4
0.0
0.0
0.0
0.0
0.0
0.0
0.0
0.0
0.0
0.0
60.6
0.2
0.0
0.0
0.0
0.0
0.0
1.4
0.0
0.0
0.0
0.0
0.0
