5.0
5.4
0.2
0.0
24.9
0.0
0.0
0.0
0.0
2.5
0.0
0.0
0.0
0.0
0.0
0.0
0.6
1.4
0.0
0.0
0.0
0.0
3.6
4.8
0.0
0.0
12.8
0.1
0.2
0.2
0.0
0.0
0.0
0.1
0.0
27.6
9.6
0.0
0.3
0.1
20.4
0.7
0.0
0.5
0.5
0.1
1.1
5.4
4.8
17.4
0.1
0.0
0.0
12.8
0.7
1.4
15.4
0.7
0.0
0.0
0.0
4.2
0.0
0.9
0.0
0.0
0.0
0.0
0.0
0.0
0.0
0.0
0.2
0.0
0.5
1.2
0.9
6.4
0.1
0.0
2.6
0.2
0.0
0.7
0.1
0.0
0.0
0.0
0.0
0.0
0.0
0.0
0.0
4.3
0.0
0.0
0.0
0.0
0.0
0.0
0.0
0.0
0.0
0.0
0.0
3.8
1.3
0.0
0.0
0.0
0.0
0.0
0.6
0.1
0.0
8.6
0.1
0.0
0.0
0.0
0.0
0.0
0.0
0.0
0.0
0.0
0.9
0.0
0.1
0.0
0.0
0.0
0.0
0.0
0.0
0.0
0.0
0.0
0.0
0.0
0.0
0.0
0.0
0.0
0.0
0.0
0.0
4.5
0.1
0.0
0.0
0.0
0.0
