0.1
0.0
0.0
1.6
2.5
0.0
5.3
0.0
0.0
0.0
0.0
0.0
0.0
0.0
0.0
1.0
10.4
3.4
0.0
0.0
6.3
0.1
0.0
0.0
11.4
0.0
0.0
0.0
0.0
9.3
0.0
0.0
0.0
0.0
0.0
0.0
0.0
1.6
0.0
0.0
0.0
0.0
0.0
2.8
3.4
0.0
0.0
0.4
0.0
0.5
0.5
0.5
1.4
2.9
0.6
0.1
0.0
4.7
0.0
0.0
0.0
0.0
0.0
0.0
0.5
1.3
0.7
0.7
0.0
0.0
0.0
0.0
0.0
0.0
0.0
0.0
0.0
0.0
0.0
2.2
35.7
0.0
0.0
0.7
2.9
0.0
0.0
0.0
0.0
0.0
0.0
0.0
0.0
0.4
0.1
0.0
0.0
0.0
0.0
0.0
0.1
2.1
10.8
1.3
0.2
0.5
0.0
3.6
0.7
0.0
0.0
0.0
0.1
3.2
0.0
0.0
0.5
0.6
0.1
0.0
0.0
0.0
2.7
0.3
0.0
0.0
0.7
0.0
0.8
0.0
0.0
11.2
7.3
0.2
0.0
0.0
0.0
0.0
0.0
0.0
0.0
2.6
0.0
0.4
0.0
0.0
2.9
0.0
4.3
0.1
