0.0
0.0
0.0
7.4
0.0
0.0
0.0
0.3
0.8
0.0
0.0
0.0
0.0
0.0
0.0
0.0
0.0
0.0
1.3
0.1
0.0
19.6
0.6
0.6
0.1
0.0
0.0
0.0
0.0
0.0
0.0
0.0
0.0
0.0
0.0
0.0
0.0
1.4
1.7
1.1
0.0
0.0
0.0
0.0
0.7
0.0
0.0
0.0
1.0
1.1
0.0
0.0
0.7
5.5
0.0
0.0
0.0
0.0
0.0
0.0
0.0
0.0
0.0
0.7
6.7
0.0
0.0
0.0
0.0
0.0
0.9
0.1
0.1
0.0
0.0
0.0
0.0
0.0
0.0
0.0
0.0
0.0
0.0
0.0
0.0
0.0
0.0
0.0
0.0
0.0
0.0
0.0
0.0
0.0
0.8
0.0
0.0
0.0
10.1
0.4
0.0
0.0
0.0
0.0
0.0
0.0
0.0
19.7
0.0
0.1
0.3
2.4
0.1
0.2
0.0
0.0
0.0
2.6
0.0
0.0
0.0
0.1
0.0
0.0
0.0
0.0
0.0
0.0
0.0
0.0
0.0
0.0
11.2
0.1
0.7
0.0
0.0
0.0
0.0
0.0
0.0
0.0
0.0
0.0
0.0
0.0
0.0
0.0
0.0
0.0
0.0
0.0
