0.2000
0.2000
0.2000
0.2000
0.2000
0.2000
0.2000
0.2000
0.2053
0.2250
0.2451
0.2683
0.2934
0.3187
0.3539
0.3880
0.4115
0.4293
0.4673
0.5047
0.5454
0.5771
0.6026
0.6254
0.6489
0.6734
0.6940
0.7201
0.7533
0.7860
0.8123
0.8305
0.8499
0.8696
0.8971
0.9256
0.9453
0.9714
0.9984
1.0195
1.0415
1.0645
1.0867
1.1086
1.1206
1.1302
1.1439
1.1584
1.1674
1.1748
1.1792
1.1853
1.1931
1.2016
1.2103
1.2187
1.2264
1.2329
1.2384
1.2425
1.2446
1.2448
1.2439
1.2422
1.2398
1.2358
1.2305
1.2239
1.2149
1.2022
1.1887
1.1775
1.1629
1.1476
1.1300
1.1101
1.0859
1.0580
1.0346
1.0111
0.9808
0.9456
0.9030
0.8566
0.8051
0.7531
0.7110
0.6785
0.6495
0.6055
0.5505
0.4912
0.4361
0.3773
0.3138
0.2546
0.2000
0.2000
0.2000
0.2000
0.2000
0.2000
0.2000
0.2000
0.2000
0.2000
0.2000
0.2000
0.2000
0.2000
0.2000
0.2000
0.2000
0.2000
0.2000
0.2000
0.2000
0.2000
0.2000
0.2000
0.2000
0.2000
0.2000
0.2000
0.2000
0.2000
0.2000
0.2000
0.2000
0.2000
0.2000
0.2000
0.2000
0.2000
0.2000
0.2000
0.2000
0.2000
0.2000
0.2000
0.2000
0.2000
0.2000
0.2000
0.2000
0.2000
0.2000
0.2000
0.2000
0.2000
0.2000
0.2000
0.2000
