0.2000
0.2000
0.2000
0.2000
0.2000
0.2000
0.2000
0.2000
0.2000
0.2000
0.2000
0.2161
0.2519
0.2724
0.2924
0.3128
0.3334
0.3534
0.3722
0.3940
0.4182
0.4358
0.4472
0.4597
0.4770
0.4961
0.5183
0.5331
0.5559
0.5710
0.5885
0.6096
0.6263
0.6390
0.6541
0.6804
0.7069
0.7362
0.7582
0.7749
0.7925
0.8064
0.8219
0.8382
0.8509
0.8702
0.8899
0.9122
0.9337
0.9534
0.9657
0.9764
0.9920
1.0089
1.0244
1.0420
1.0602
1.0805
1.1008
1.1203
1.1401
1.1583
1.1777
1.1922
1.2045
1.2125
1.2187
1.2244
1.2288
1.2341
1.2393
1.2429
1.2443
1.2449
1.2447
1.2438
1.2422
1.2391
1.2335
1.2269
1.2182
1.2084
1.1973
1.1842
1.1698
1.1554
1.1373
1.1206
1.1066
1.0955
1.0826
1.0626
1.0413
1.0227
1.0021
0.9794
0.9554
0.9297
0.8999
0.8751
0.8456
0.8111
0.7677
0.7301
0.6896
0.6421
0.5885
0.5285
0.4663
0.4049
0.3340
0.2813
0.2385
0.2000
0.2000
0.2000
0.2000
0.2000
0.2000
0.2000
0.2000
0.2000
0.2000
0.2000
0.2000
0.2000
0.2000
0.2000
0.2000
0.2000
0.2000
0.2000
0.2000
0.2000
0.2000
0.2000
0.2000
0.2000
0.2000
0.2000
0.2000
0.2000
0.2000
0.2000
0.2000
0.2000
0.2000
0.2000
0.2000
0.2000
0.2000
0.2000
0.2000
