0.2000
0.2000
0.2000
0.2000
0.2000
0.2000
0.2000
0.2048
0.2085
0.2140
0.2239
0.2252
0.2273
0.2357
0.2488
0.2678
0.2968
0.3303
0.3495
0.3526
0.3539
0.3575
0.3631
0.3773
0.3961
0.4175
0.4388
0.4574
0.4794
0.4917
0.5093
0.5360
0.5633
0.5939
0.6296
0.6603
0.6969
0.7399
0.7718
0.8014
0.8221
0.8419
0.8609
0.8823
0.8973
0.9111
0.9259
0.9414
0.9588
0.9756
0.9959
1.0138
1.0336
1.0551
1.0712
1.0843
1.0990
1.1146
1.1299
1.1454
1.1603
1.1729
1.1860
1.1992
1.2076
1.2142
1.2190
1.2254
1.2313
1.2364
1.2396
1.2419
1.2437
1.2447
1.2450
1.2445
1.2435
1.2416
1.2385
1.2332
1.2259
1.2168
1.2081
1.1966
1.1832
1.1681
1.1526
1.1355
1.1158
1.0931
1.0679
1.0492
1.0293
1.0032
0.9866
0.9613
0.9304
0.9023
0.8697
0.8365
0.8051
0.7784
0.7418
0.7031
0.6597
0.6168
0.5674
0.5103
0.4608
0.4316
0.3968
0.3457
0.2780
0.2219
0.2000
0.2000
0.2000
0.2000
0.2000
0.2000
0.2000
0.2000
0.2000
0.2000
0.2000
0.2000
0.2000
0.2000
0.2000
0.2000
0.2000
0.2000
0.2000
0.2000
0.2000
0.2000
0.2000
0.2000
0.2000
0.2000
0.2000
0.2000
0.2000
0.2000
0.2000
0.2000
0.2000
0.2000
0.2000
0.2000
0.2000
0.2000
0.2000
