0.2000
0.2000
0.2000
0.2000
0.2000
0.2000
0.2000
0.2000
0.2000
0.2000
0.2000
0.2000
0.2000
0.2000
0.2000
0.2000
0.2000
0.2000
0.2000
0.2000
0.2011
0.2281
0.2568
0.2818
0.3082
0.3337
0.3621
0.3755
0.3913
0.4094
0.4423
0.4730
0.4934
0.5169
0.5418
0.5695
0.6019
0.6358
0.6770
0.7062
0.7365
0.7718
0.7908
0.8049
0.8190
0.8313
0.8524
0.8667
0.8877
0.9115
0.9310
0.9446
0.9638
0.9813
1.0010
1.0245
1.0505
1.0756
1.1007
1.1209
1.1395
1.1549
1.1702
1.1865
1.1970
1.2033
1.2109
1.2185
1.2262
1.2340
1.2394
1.2432
1.2449
1.2447
1.2431
1.2402
1.2378
1.2357
1.2305
1.2238
1.2153
1.2037
1.1928
1.1825
1.1685
1.1518
1.1368
1.1258
1.1090
1.0897
1.0669
1.0399
1.0097
0.9796
0.9440
0.9051
0.8746
0.8525
0.8242
0.7854
0.7403
0.6927
0.6344
0.5777
0.5078
0.4541
0.4221
0.3890
0.3460
0.3069
0.2512
0.2017
0.2000
0.2000
0.2000
0.2000
0.2000
0.2000
0.2000
0.2000
0.2000
0.2000
0.2000
0.2000
0.2000
0.2000
0.2000
0.2000
0.2000
0.2000
0.2000
0.2000
0.2000
0.2000
0.2000
0.2000
0.2000
0.2000
0.2000
0.2000
0.2000
0.2000
0.2000
0.2000
0.2000
0.2000
0.2000
0.2000
0.2000
0.2000
0.2000
0.2000
0.2000
