0.2000
0.2000
0.2000
0.2000
0.2000
0.2000
0.2000
0.2000
0.2000
0.2000
0.2000
0.2000
0.2000
0.2000
0.2000
0.2000
0.2000
0.2197
0.2430
0.2571
0.2639
0.2763
0.2890
0.3108
0.3370
0.3623
0.3816
0.4064
0.4390
0.4770
0.5096
0.5365
0.5652
0.5934
0.6126
0.6316
0.6532
0.6668
0.6795
0.6969
0.7227
0.7509
0.7837
0.8076
0.8251
0.8429
0.8611
0.8737
0.8882
0.9072
0.9310
0.9558
0.9800
1.0070
1.0298
1.0510
1.0738
1.0885
1.0967
1.1068
1.1150
1.1260
1.1355
1.1494
1.1622
1.1727
1.1835
1.1923
1.1992
1.2076
1.2156
1.2234
1.2301
1.2340
1.2376
1.2410
1.2436
1.2448
1.2449
1.2439
1.2419
1.2380
1.2312
1.2229
1.2146
1.2078
1.1987
1.1861
1.1697
1.1495
1.1297
1.1068
1.0819
1.0513
1.0227
0.9969
0.9651
0.9299
0.9028
0.8739
0.8495
0.8140
0.7801
0.7511
0.7200
0.6850
0.6396
0.5875
0.5217
0.4537
0.3902
0.3296
0.2668
0.2012
0.2000
0.2000
0.2000
0.2000
0.2000
0.2000
0.2000
0.2000
0.2000
0.2000
0.2000
0.2000
0.2000
0.2000
0.2000
0.2000
0.2000
0.2000
0.2000
0.2000
0.2000
0.2000
0.2000
0.2000
0.2000
0.2000
0.2000
0.2000
0.2000
0.2000
0.2000
0.2000
0.2000
0.2000
0.2000
0.2000
0.2000
0.2000
0.2000
0.2000
0.2000
0.2000
0.2000
0.2000
0.2000
0.2000
0.2000
0.2000
0.2000
0.2000
0.2000
0.2000
0.2000
0.2053
0.2339
0.2558
0.2688
0.2735
0.2745
0.2774
0.2872
0.3079
0.3316
0.3552
0.3839
0.4112
0.4355
0.4532
0.4676
0.4839
0.5040
0.5259
0.5495
0.5724
0.5972
0.6161
0.6323
0.6534
0.6826
0.7137
0.7438
0.7694
0.7806
0.7879
0.8051
0.8251
0.8481
0.8714
0.8952
0.9100
0.9319
0.9571
0.9754
0.9823
0.9968
1.0153
1.0356
1.0549
1.0729
1.0878
1.1039
1.1177
1.1264
1.1372
1.1491
1.1600
1.1735
1.1878
1.2004
1.2095
1.2180
1.2268
1.2337
1.2389
1.2426
1.2447
1.2447
1.2438
1.2408
1.2364
1.2297
1.2229
1.2151
1.2042
1.1934
1.1801
1.1640
1.1444
1.1214
1.0980
1.0700
1.0397
1.0136
0.9833
0.9517
0.9315
0.9061
0.8694
0.8221
0.7829
0.7389
0.6801
0.6256
0.5623
0.5021
0.4474
0.3836
0.3183
0.2512
0.2000
0.2000
0.2000
0.2000
0.2000
0.2000
0.2000
0.2000
0.2000
0.2000
0.2000
0.2000
0.2000
0.2000
0.2000
0.2000
0.2000
0.2000
0.2000
0.2000
0.2000
0.2000
0.2000
0.2000
0.2000
0.2000
0.2000
0.2000
0.2000
0.2000
0.2000
0.2000
0.2000
0.2000
0.2000
0.2000
0.2000
0.2000
0.2000
0.2000
0.2000
0.2000
0.2000
0.2000
0.2000
0.2000
0.2000
0.2000
0.2000
0.2000
0.2000
0.2000
0.2000
0.2000
0.2161
0.2519
0.2724
0.2924
0.3128
0.3334
0.3534
0.3722
0.3940
0.4182
0.4358
0.4472
0.4597
0.4770
0.4961
0.5183
0.5331
0.5559
0.5710
0.5885
0.6096
0.6263
0.6390
0.6541
0.6804
0.7069
0.7362
0.7582
0.7749
0.7925
0.8064
0.8219
0.8382
0.8509
0.8702
0.8899
0.9122
0.9337
0.9534
0.9657
0.9764
0.9920
1.0089
1.0244
1.0420
1.0602
1.0805
1.1008
1.1203
1.1401
1.1583
1.1777
1.1922
1.2045
1.2125
1.2187
1.2244
1.2288
1.2341
1.2393
1.2429
1.2443
1.2449
1.2447
1.2438
1.2422
1.2391
1.2335
1.2269
1.2182
1.2084
1.1973
1.1842
1.1698
1.1554
1.1373
1.1206
1.1066
1.0955
1.0826
1.0626
1.0413
1.0227
1.0021
0.9794
0.9554
0.9297
0.8999
0.8751
0.8456
0.8111
0.7677
0.7301
0.6896
0.6421
0.5885
0.5285
0.4663
0.4049
0.3340
0.2813
0.2385
0.2000
0.2000
0.2000
0.2000
0.2000
0.2000
0.2000
0.2000
0.2000
0.2000
0.2000
0.2000
0.2000
0.2000
0.2000
0.2000
0.2000
0.2000
0.2000
0.2000
0.2000
0.2000
0.2000
0.2000
0.2000
0.2000
0.2000
0.2000
0.2000
0.2000
0.2000
0.2000
0.2000
0.2000
0.2000
0.2000
0.2000
0.2000
0.2000
0.2000
0.2000
0.2000
0.2000
0.2000
0.2000
0.2000
0.2000
0.2000
0.2053
0.2250
0.2451
0.2683
0.2934
0.3187
0.3539
0.3880
0.4115
0.4293
0.4673
0.5047
0.5454
0.5771
0.6026
0.6254
0.6489
0.6734
0.6940
0.7201
0.7533
0.7860
0.8123
0.8305
0.8499
0.8696
0.8971
0.9256
0.9453
0.9714
0.9984
1.0195
1.0415
1.0645
1.0867
1.1086
1.1206
1.1302
1.1439
1.1584
1.1674
1.1748
1.1792
1.1853
1.1931
1.2016
1.2103
1.2187
1.2264
1.2329
1.2384
1.2425
1.2446
1.2448
1.2439
1.2422
1.2398
1.2358
1.2305
1.2239
1.2149
1.2022
1.1887
1.1775
1.1629
1.1476
1.1300
1.1101
1.0859
1.0580
1.0346
1.0111
0.9808
0.9456
0.9030
0.8566
0.8051
0.7531
0.7110
0.6785
0.6495
0.6055
0.5505
0.4912
0.4361
0.3773
0.3138
0.2546
0.2000
0.2000
0.2000
0.2000
0.2000
0.2000
0.2000
0.2000
0.2000
0.2000
0.2000
0.2000
0.2000
0.2000
0.2000
0.2000
0.2000
0.2000
0.2000
0.2000
0.2000
0.2000
0.2000
0.2000
0.2000
0.2000
0.2000
0.2000
0.2000
0.2000
0.2000
0.2000
0.2000
0.2000
0.2000
0.2000
0.2000
0.2000
0.2000
0.2000
0.2000
0.2000
0.2000
0.2000
0.2000
0.2000
0.2000
0.2000
0.2000
0.2000
0.2000
0.2000
0.2000
0.2000
0.2000
0.2000
0.2000
0.2000
0.2000
0.2000
0.2000
0.2000
0.2000
0.2000
0.2000
0.2000
0.2000
0.2000
0.2000
0.2000
0.2000
0.2000
0.2000
0.2000
0.2000
0.2000
0.2000
0.2011
0.2281
0.2568
0.2818
0.3082
0.3337
0.3621
0.3755
0.3913
0.4094
0.4423
0.4730
0.4934
0.5169
0.5418
0.5695
0.6019
0.6358
0.6770
0.7062
0.7365
0.7718
0.7908
0.8049
0.8190
0.8313
0.8524
0.8667
0.8877
0.9115
0.9310
0.9446
0.9638
0.9813
1.0010
1.0245
1.0505
1.0756
1.1007
1.1209
1.1395
1.1549
1.1702
1.1865
1.1970
1.2033
1.2109
1.2185
1.2262
1.2340
1.2394
1.2432
1.2449
1.2447
1.2431
1.2402
1.2378
1.2357
1.2305
1.2238
1.2153
1.2037
1.1928
1.1825
1.1685
1.1518
1.1368
1.1258
1.1090
1.0897
1.0669
1.0399
1.0097
0.9796
0.9440
0.9051
0.8746
0.8525
0.8242
0.7854
0.7403
0.6927
0.6344
0.5777
0.5078
0.4541
0.4221
0.3890
0.3460
0.3069
0.2512
0.2017
0.2000
0.2000
0.2000
0.2000
0.2000
0.2000
0.2000
0.2000
0.2000
0.2000
0.2000
0.2000
0.2000
0.2000
0.2000
0.2000
0.2000
0.2000
0.2000
0.2000
0.2000
0.2000
0.2000
0.2000
0.2000
0.2000
0.2000
0.2000
0.2000
0.2000
0.2000
0.2000
0.2000
0.2000
0.2000
0.2000
0.2000
0.2000
0.2000
0.2000
0.2000
0.2000
0.2000
0.2000
0.2000
0.2000
0.2000
0.2000
0.2000
0.2000
0.2000
0.2000
0.2000
0.2000
0.2000
0.2000
0.2095
0.2493
0.2724
0.2792
0.2709
0.2706
0.2672
0.2730
0.2872
0.3046
0.3316
0.3521
0.3733
0.3981
0.4320
0.4688
0.5113
0.5595
0.6019
0.6333
0.6523
0.6693
0.6813
0.6929
0.7071
0.7273
0.7477
0.7791
0.8204
0.8556
0.8795
0.9035
0.9245
0.9435
0.9640
0.9869
1.0165
1.0406
1.0563
1.0759
1.1008
1.1242
1.1467
1.1673
1.1851
1.2011
1.2148
1.2243
1.2314
1.2363
1.2403
1.2435
1.2448
1.2447
1.2426
1.2392
1.2345
1.2278
1.2183
1.2055
1.1925
1.1766
1.1654
1.1539
1.1354
1.1144
1.0920
1.0697
1.0438
1.0174
0.9890
0.9569
0.9187
0.8749
0.8342
0.7859
0.7286
0.6735
0.6151
0.5661
0.5093
0.4440
0.3828
0.3500
0.3040
0.2440
0.2000
0.2000
0.2000
0.2000
0.2000
0.2000
0.2000
0.2000
0.2000
0.2000
0.2000
0.2000
0.2000
0.2000
0.2000
0.2000
0.2000
0.2000
0.2000
0.2000
0.2000
0.2000
0.2000
0.2000
0.2000
0.2000
0.2000
0.2000
0.2000
0.2000
0.2000
0.2000
0.2000
0.2000
0.2000
0.2000
0.2000
0.2000
0.2000
0.2000
0.2000
0.2000
0.2000
0.2000
0.2000
0.2000
0.2000
0.2000
0.2000
0.2000
0.2000
0.2000
0.2000
0.2000
0.2000
0.2000
0.2000
0.2000
0.2000
0.2000
0.2087
0.2108
0.2276
0.2548
0.2883
0.3290
0.3669
0.3806
0.3885
0.4009
0.4275
0.4579
0.4912
0.5251
0.5631
0.6028
0.6337
0.6653
0.7020
0.7273
0.7485
0.7560
0.7692
0.7927
0.8184
0.8467
0.8654
0.8877
0.9129
0.9426
0.9636
0.9768
0.9895
1.0060
1.0259
1.0388
1.0505
1.0602
1.0738
1.0858
1.1010
1.1172
1.1341
1.1497
1.1607
1.1753
1.1892
1.1989
1.2072
1.2142
1.2200
1.2257
1.2313
1.2343
1.2365
1.2395
1.2426
1.2448
1.2447
1.2433
1.2403
1.2361
1.2302
1.2221
1.2103
1.2026
1.1925
1.1788
1.1605
1.1419
1.1219
1.0992
1.0790
1.0609
1.0402
1.0203
0.9979
0.9734
0.9487
0.9189
0.8857
0.8446
0.8043
0.7586
0.7101
0.6669
0.6276
0.5892
0.5366
0.4777
0.4198
0.3480
0.2663
0.2017
0.2000
0.2000
0.2000
0.2000
0.2000
0.2000
0.2000
0.2000
0.2000
0.2000
0.2000
0.2000
0.2000
0.2000
0.2000
0.2000
0.2000
0.2000
0.2000
0.2000
0.2000
0.2000
0.2000
0.2000
0.2000
0.2000
0.2000
0.2000
0.2000
0.2000
0.2000
0.2000
0.2000
0.2000
0.2000
0.2000
0.2000
0.2000
0.2000
0.2000
0.2000
0.2000
0.2000
0.2000
0.2000
0.2000
0.2000
0.2000
0.2000
0.2000
0.2000
0.2000
0.2000
0.2000
0.2000
0.2000
0.2000
0.2000
0.2000
0.2000
0.2000
0.2000
0.2000
0.2077
0.2441
0.2589
0.2659
0.2753
0.2958
0.3226
0.3457
0.3569
0.3580
0.3666
0.3730
0.3717
0.3816
0.4011
0.4213
0.4438
0.4725
0.4996
0.5246
0.5531
0.5814
0.5944
0.6138
0.6330
0.6452
0.6605
0.6851
0.7124
0.7334
0.7560
0.7711
0.7938
0.8180
0.8307
0.8429
0.8615
0.8804
0.9005
0.9219
0.9423
0.9669
0.9813
0.9961
1.0156
1.0356
1.0563
1.0751
1.0922
1.1051
1.1191
1.1314
1.1452
1.1603
1.1764
1.1920
1.2044
1.2153
1.2255
1.2330
1.2379
1.2413
1.2437
1.2449
1.2444
1.2420
1.2385
1.2333
1.2267
1.2190
1.2109
1.2013
1.1903
1.1767
1.1597
1.1429
1.1228
1.1020
1.0807
1.0664
1.0520
1.0287
0.9977
0.9576
0.9166
0.8761
0.8331
0.7915
0.7554
0.7140
0.6688
0.6230
0.5989
0.5678
0.5267
0.4759
0.4179
0.3532
0.2995
0.2407
0.2000
0.2000
0.2000
0.2000
0.2000
0.2000
0.2000
0.2000
0.2000
0.2000
0.2000
0.2000
0.2000
0.2000
0.2000
0.2000
0.2000
0.2000
0.2000
0.2000
0.2000
0.2000
0.2000
0.2000
0.2000
0.2000
0.2000
0.2000
0.2000
0.2000
0.2000
0.2000
0.2000
0.2000
0.2000
0.2000
0.2000
0.2000
0.2000
0.2000
0.2000
0.2000
0.2000
0.2000
0.2000
0.2000
0.2000
0.2000
0.2000
0.2000
0.2000
0.2000
0.2000
0.2000
0.2000
0.2069
0.2203
0.2320
0.2506
0.2727
0.2934
0.3105
0.3123
0.3218
0.3275
0.3280
0.3357
0.3452
0.3575
0.3720
0.3910
0.4031
0.4220
0.4390
0.4673
0.4866
0.4998
0.5125
0.5292
0.5528
0.5695
0.5904
0.6122
0.6358
0.6491
0.6600
0.6766
0.6938
0.7120
0.7347
0.7601
0.7873
0.8145
0.8324
0.8489
0.8626
0.8829
0.9111
0.9378
0.9584
0.9766
0.9986
1.0209
1.0391
1.0596
1.0803
1.1028
1.1184
1.1334
1.1450
1.1569
1.1692
1.1808
1.1913
1.2003
1.2097
1.2192
1.2284
1.2351
1.2388
1.2416
1.2432
1.2444
1.2450
1.2445
1.2431
1.2409
1.2377
1.2327
1.2268
1.2181
1.2097
1.1991
1.1870
1.1751
1.1612
1.1449
1.1310
1.1141
1.0955
1.0761
1.0580
1.0381
1.0111
0.9821
0.9615
0.9418
0.9140
0.8949
0.8727
0.8492
0.8122
0.7620
0.7113
0.6613
0.6148
0.5749
0.5235
0.4722
0.4164
0.3730
0.3528
0.3268
0.3003
0.2759
0.2322
0.2000
0.2000
0.2000
0.2000
0.2000
0.2000
0.2000
0.2000
0.2000
0.2000
0.2000
0.2000
0.2000
0.2000
0.2000
0.2000
0.2000
0.2000
0.2000
0.2000
0.2000
0.2000
0.2000
0.2000
0.2000
0.2000
0.2000
0.2000
0.2000
0.2000
0.2000
0.2000
0.2000
0.2000
0.2000
0.2000
0.2000
0.2000
0.2000
0.2000
0.2000
0.2000
0.2000
0.2000
0.2000
0.2000
0.2000
0.2074
0.2145
0.2292
0.2464
0.2501
0.2506
0.2443
0.2430
0.2482
0.2615
0.2818
0.3035
0.3211
0.3416
0.3628
0.3859
0.4044
0.4218
0.4330
0.4440
0.4636
0.4954
0.5203
0.5374
0.5495
0.5586
0.5726
0.5920
0.6168
0.6362
0.6605
0.6884
0.7205
0.7500
0.7768
0.8068
0.8382
0.8687
0.8948
0.9109
0.9259
0.9430
0.9604
0.9732
0.9903
1.0081
1.0309
1.0554
1.0737
1.0917
1.1089
1.1161
1.1294
1.1460
1.1615
1.1732
1.1827
1.1897
1.1972
1.2057
1.2133
1.2201
1.2277
1.2347
1.2392
1.2420
1.2442
1.2450
1.2442
1.2423
1.2394
1.2360
1.2320
1.2273
1.2206
1.2114
1.2007
1.1892
1.1766
1.1639
1.1495
1.1376
1.1273
1.1134
1.0977
1.0776
1.0616
1.0384
1.0083
0.9886
0.9725
0.9515
0.9335
0.9140
0.8835
0.8425
0.8159
0.7986
0.7915
0.7806
0.7640
0.7456
0.7262
0.6970
0.6603
0.6511
0.6386
0.6230
0.6052
0.5915
0.5698
0.5450
0.5232
0.5071
0.4967
0.4697
0.4600
0.4626
0.4663
0.4567
0.4500
0.4511
0.4414
0.4278
0.3983
0.3548
0.3175
0.2718
0.2202
0.2000
0.2000
0.2000
0.2000
0.2000
0.2000
0.2000
0.2000
0.2000
0.2000
0.2000
0.2000
0.2155
0.2388
0.2540
0.2657
0.2769
0.2885
0.2919
0.3046
0.3244
0.3477
0.3745
0.4052
0.4430
0.4624
0.4785
0.4974
0.5280
0.5562
0.5847
0.6170
0.6553
0.6867
0.7151
0.7457
0.7762
0.7952
0.8174
0.8449
0.8733
0.8930
0.9076
0.9252
0.9460
0.9600
0.9756
0.9925
1.0108
1.0262
1.0439
1.0601
1.0828
1.0955
1.1038
1.1156
1.1284
1.1432
1.1610
1.1747
1.1846
1.1937
1.2046
1.2150
1.2244
1.2325
1.2380
1.2420
1.2444
1.2448
1.2429
1.2387
1.2335
1.2287
1.2211
1.2091
1.1963
1.1811
1.1644
1.1532
1.1395
1.1217
1.0989
1.0779
1.0528
1.0191
0.9987
0.9763
0.9431
0.9013
0.8601
0.8191
0.7663
0.7214
0.6829
0.6502
0.6065
0.5661
0.5299
0.4880
0.4365
0.3917
0.3457
0.2826
0.2257
0.2000
0.2000
0.2000
0.2000
0.2000
0.2000
0.2000
0.2000
0.2000
0.2000
0.2000
0.2000
0.2000
0.2000
0.2000
0.2000
0.2000
0.2000
0.2000
0.2000
0.2000
0.2000
0.2000
0.2000
0.2000
0.2000
0.2000
0.2000
0.2000
0.2000
0.2000
0.2000
0.2000
0.2000
0.2000
0.2000
0.2000
0.2000
0.2000
0.2000
0.2000
0.2000
0.2000
0.2000
0.2000
0.2000
0.2000
0.2000
0.2000
0.2000
0.2000
0.2000
0.2000
0.2000
0.2000
0.2000
0.2000
0.2000
0.2000
0.2000
0.2000
0.2000
0.2000
0.2000
0.2000
0.2000
0.2000
0.2000
0.2000
0.2003
0.2048
0.2205
0.2488
0.2691
0.2875
0.3030
0.3231
0.3447
0.3740
0.4054
0.4308
0.4644
0.5062
0.5464
0.5771
0.6063
0.6323
0.6459
0.6582
0.6784
0.7029
0.7288
0.7580
0.7915
0.8143
0.8388
0.8640
0.8888
0.9131
0.9297
0.9394
0.9511
0.9676
0.9837
0.9989
1.0148
1.0320
1.0451
1.0615
1.0799
1.0952
1.1111
1.1200
1.1321
1.1398
1.1480
1.1621
1.1738
1.1835
1.1939
1.2060
1.2174
1.2261
1.2337
1.2390
1.2422
1.2442
1.2449
1.2447
1.2438
1.2428
1.2407
1.2367
1.2294
1.2212
1.2112
1.1992
1.1849
1.1727
1.1576
1.1389
1.1199
1.0968
1.0679
1.0402
1.0163
0.9868
0.9591
0.9295
0.8951
0.8659
0.8461
0.8170
0.7890
0.7608
0.7283
0.6896
0.6654
0.6409
0.5972
0.5599
0.5146
0.4485
0.3991
0.3472
0.2830
0.2504
0.2180
0.2000
0.2000
0.2000
0.2000
0.2000
0.2000
0.2000
0.2000
0.2000
0.2000
0.2000
0.2000
0.2000
0.2000
0.2000
0.2000
0.2000
0.2000
0.2000
0.2000
0.2000
0.2000
0.2000
0.2000
0.2000
0.2000
0.2000
0.2000
0.2000
0.2000
0.2000
0.2000
0.2000
0.2000
0.2000
0.2000
0.2000
0.2000
0.2000
0.2000
0.2000
0.2000
0.2000
0.2000
0.2000
0.2000
0.2000
0.2000
0.2000
0.2000
0.2000
0.2000
0.2000
0.2176
0.2568
0.2901
0.3175
0.3444
0.3712
0.3905
0.4092
0.4345
0.4555
0.4775
0.4996
0.5195
0.5466
0.5569
0.5693
0.5882
0.6117
0.6344
0.6505
0.6657
0.6873
0.7051
0.7159
0.7297
0.7432
0.7543
0.7682
0.7837
0.8109
0.8318
0.8540
0.8772
0.9007
0.9225
0.9380
0.9576
0.9770
0.9941
1.0126
1.0341
1.0567
1.0791
1.1006
1.1216
1.1404
1.1547
1.1696
1.1860
1.1976
1.2061
1.2156
1.2247
1.2312
1.2369
1.2413
1.2440
1.2449
1.2443
1.2427
1.2404
1.2368
1.2313
1.2259
1.2190
1.2119
1.2026
1.1900
1.1739
1.1554
1.1346
1.1130
1.0908
1.0677
1.0437
1.0191
0.9882
0.9585
0.9279
0.9018
0.8712
0.8344
0.7934
0.7438
0.7016
0.6581
0.6132
0.5643
0.5107
0.4582
0.4232
0.3948
0.3722
0.3540
0.3215
0.2813
0.2304
0.2000
0.2000
0.2000
0.2000
0.2000
0.2000
0.2000
0.2000
0.2000
0.2000
0.2000
0.2000
0.2000
0.2000
0.2000
0.2000
0.2000
0.2000
0.2000
0.2000
0.2000
0.2000
0.2000
0.2000
0.2000
0.2000
0.2000
0.2000
0.2000
0.2000
0.2000
0.2000
0.2000
0.2000
0.2000
0.2000
0.2000
0.2000
0.2000
0.2000
0.2000
0.2000
0.2048
0.2085
0.2140
0.2239
0.2252
0.2273
0.2357
0.2488
0.2678
0.2968
0.3303
0.3495
0.3526
0.3539
0.3575
0.3631
0.3773
0.3961
0.4175
0.4388
0.4574
0.4794
0.4917
0.5093
0.5360
0.5633
0.5939
0.6296
0.6603
0.6969
0.7399
0.7718
0.8014
0.8221
0.8419
0.8609
0.8823
0.8973
0.9111
0.9259
0.9414
0.9588
0.9756
0.9959
1.0138
1.0336
1.0551
1.0712
1.0843
1.0990
1.1146
1.1299
1.1454
1.1603
1.1729
1.1860
1.1992
1.2076
1.2142
1.2190
1.2254
1.2313
1.2364
1.2396
1.2419
1.2437
1.2447
1.2450
1.2445
1.2435
1.2416
1.2385
1.2332
1.2259
1.2168
1.2081
1.1966
1.1832
1.1681
1.1526
1.1355
1.1158
1.0931
1.0679
1.0492
1.0293
1.0032
0.9866
0.9613
0.9304
0.9023
0.8697
0.8365
0.8051
0.7784
0.7418
0.7031
0.6597
0.6168
0.5674
0.5103
0.4608
0.4316
0.3968
0.3457
0.2780
0.2219
0.2000
0.2000
0.2000
0.2000
0.2000
0.2000
0.2000
0.2000
0.2000
0.2000
0.2000
0.2000
0.2000
0.2000
0.2000
0.2000
0.2000
0.2000
0.2000
0.2000
0.2000
0.2000
0.2000
0.2000
0.2000
0.2000
0.2000
0.2000
0.2000
0.2000
0.2000
0.2000
0.2000
0.2000
0.2000
0.2000
0.2000
0.2000
0.2000
0.2000
0.2000
0.2000
0.2000
0.2000
0.2000
0.2000
0.2000
0.2000
0.2000
0.2000
0.2000
0.2000
0.2000
0.2000
0.2000
0.2000
0.2000
0.2000
0.2000
0.2000
0.2000
0.2100
0.2375
0.2623
0.2909
0.3218
0.3501
0.3849
0.4268
0.4550
0.4688
0.4841
0.5059
0.5307
0.5370
0.5336
0.5353
0.5389
0.5466
0.5614
0.5847
0.6110
0.6431
0.6727
0.7031
0.7317
0.7577
0.7808
0.8037
0.8285
0.8463
0.8552
0.8723
0.8948
0.9212
0.9407
0.9583
0.9820
1.0010
1.0167
1.0309
1.0473
1.0621
1.0785
1.0940
1.1072
1.1195
1.1306
1.1390
1.1498
1.1615
1.1741
1.1830
1.1895
1.1976
1.2080
1.2172
1.2258
1.2315
1.2360
1.2400
1.2431
1.2447
1.2448
1.2432
1.2401
1.2359
1.2321
1.2276
1.2211
1.2138
1.2025
1.1897
1.1805
1.1743
1.1668
1.1563
1.1456
1.1332
1.1174
1.0989
1.0779
1.0613
1.0490
1.0361
1.0280
1.0155
0.9963
0.9702
0.9451
0.9189
0.8828
0.8443
0.8138
0.7868
0.7522
0.7197
0.6819
0.6399
0.6009
0.5630
0.5168
0.4656
0.4064
0.3468
0.2999
0.2550
0.2094
0.2000
0.2000
0.2000
0.2000
0.2000
0.2000
0.2000
0.2000
0.2000
0.2000
0.2000
0.2000
0.2000
0.2000
0.2000
0.2000
0.2000
0.2000
0.2000
0.2000
0.2000
0.2000
0.2000
0.2000
