10.9
11.9
10.7
7.9
10.0
10.9
11.2
7.7
7.8
5.3
6.7
6.0
6.4
13.0
10.6
14.4
14.9
14.5
13.9
10.4
7.6
9.8
9.9
13.4
15.2
14.9
12.6
14.8
18.0
20.3
18.3
16.1
17.0
16.9
13.2
13.2
14.4
11.0
10.6
12.8
16.7
18.0
20.5
16.5
13.6
13.9
14.2
11.5
12.6
15.1
18.0
19.0
19.1
21.4
19.5
19.1
20.9
15.7
11.2
12.9
11.5
14.1
13.2
17.6
17.3
15.8
16.9
15.5
13.8
16.6
17.2
18.7
18.8
14.5
15.3
17.7
19.0
18.4
17.1
17.1
17.2
19.8
22.8
21.6
18.4
14.7
16.5
19.3
21.4
22.7
20.6
21.4
21.2
23.3
20.7
18.3
20.4
21.0
16.7
16.9
14.7
18.5
17.4
15.2
15.6
16.5
19.4
20.8
24.0
23.7
21.7
20.3
20.3
20.4
16.8
18.3
18.4
17.7
14.9
17.6
14.7
12.0
12.9
20.9
15.8
15.0
16.8
20.4
11.5
7.1
10.2
14.9
16.4
18.1
14.9
12.3
9.3
9.6
12.8
12.7
14.0
16.2
15.4
14.7
10.0
13.5
15.2
13.0
12.0
10.3
15.7
16.8
11.1
