-2.049999857152381200e+00
-2.049999087528325159e+00
-2.049993875377533303e+00
-2.049961452756182023e+00
-2.049774221723259071e+00
-2.048778058457923379e+00
-2.043952617112008596e+00
-2.023186879360819646e+00
-1.948685772736241217e+00
-1.756850389550504543e+00
-1.464426386658477686e+00
-1.319313004674327106e+00
-1.194039658382795466e+00
-1.090801658382987815e+00
-1.007838517558685698e+00
-9.421341163264735918e-01
-8.906862329619585905e-01
-8.509486350624656525e-01
-8.209104087476628564e-01
-7.990459202658800608e-01
-7.842387796248709853e-01
-7.757106698605800155e-01
-7.729685856186533366e-01
-7.757924207819710816e-01
-7.841926956156183293e-01
-7.985170510974004543e-01
-8.193989616926330433e-01
-8.480612287468245469e-01
-8.864085516736667225e-01
-9.377348746330796958e-01
-1.007727373177889518e+00
