-1.979999999999980220e+00
-1.979999999999686011e+00
-1.979999999995207149e+00
-1.979999999930506238e+00
-1.979999999046599068e+00
-1.979999987673856099e+00
-1.979999850539128081e+00
-1.979998310024994490e+00
-1.979982305973836398e+00
-1.979829979275629981e+00
-1.978518869813582270e+00
-1.974534677791076387e+00
-1.963638477025016149e+00
-1.935499407797683480e+00
-1.872146462313988513e+00
-1.756542887514271234e+00
-1.595815056637141849e+00
-1.424348478639760440e+00
-1.272596948833190744e+00
-1.151494818285544453e+00
-1.059795355133535510e+00
-9.925690676684193470e-01
-9.449847997777395259e-01
-9.133563849310286642e-01
-8.952169278175484690e-01
-8.892063559410471330e-01
-8.950442308215811327e-01
-9.135892656340263152e-01
-9.475625895673547294e-01
-1.002608362636797645e+00
-1.091572288396781776e+00
