16.9
16.0
17.5
18.3
17.5
9.6
10.5
12.6
11.4
12.5
12.7
13.9
14.7
14.8
18.7
18.4
14.3
12.1
20.3
20.2
21.8
18.3
15.8
14.8
15.2
15.8
14.2
16.8
20.3
20.5
17.7
14.0
14.7
15.1
19.4
20.4
16.0
20.0
21.2
18.2
19.3
20.7
21.0
21.8
14.7
13.1
17.1
18.7
14.0
12.7
9.9
11.9
14.3
16.0
17.5
18.4
19.3
19.6
20.8
22.0
22.0
22.6
15.2
15.2
15.6
17.5
18.1
18.1
19.7
22.4
20.8
16.6
18.8
18.1
18.8
19.3
21.0
21.9
18.2
17.5
20.1
21.5
23.6
23.9
24.6
23.6
19.3
15.6
14.2
18.5
21.2
21.7
19.9
20.3
20.9
19.3
18.8
18.8
19.5
20.6
18.5
19.0
17.1
17.3
19.5
23.3
24.2
21.3
25.8
18.8
11.3
15.2
15.4
17.7
18.6
17.1
16.8
21.0
19.3
21.2
21.1
17.7
17.2
16.4
22.8
22.3
13.0
15.3
14.2
14.7
13.4
12.9
14.8
17.4
19.0
17.9
13.9
16.1
18.9
19.3
18.8
11.2
9.6
10.9
11.2
12.6
13.4
15.4
15.2
11.5
11.9
8.9
6.8
