0.0
0.0
0.0
0.0
0.0
1.2
0.0
8.3
4.7
1.0
0.0
0.0
0.1
0.2
0.0
0.0
0.0
0.0
0.1
0.0
0.0
0.0
0.0
4.1
0.1
0.0
2.3
0.2
0.4
0.0
0.0
0.1
0.0
2.3
0.0
0.0
0.0
0.0
0.0
18.4
4.6
0.1
0.0
0.0
2.7
1.5
0.1
0.0
1.0
0.0
0.0
0.0
0.0
0.0
0.3
0.1
0.0
0.3
0.0
0.0
2.3
0.1
0.2
0.0
0.0
0.0
0.0
2.3
0.0
0.0
1.0
10.5
0.0
0.0
0.0
0.0
0.0
0.1
0.0
0.0
0.0
0.2
0.0
0.0
0.0
0.1
0.0
1.7
3.0
0.1
2.3
0.0
0.0
0.0
0.0
0.0
0.2
0.0
0.0
0.1
1.8
0.0
0.0
0.0
0.0
0.0
0.0
0.0
0.0
0.1
0.0
0.0
10.0
3.7
0.1
0.0
0.0
0.0
0.0
0.0
0.0
0.3
7.7
0.0
0.0
0.0
0.1
0.0
0.0
0.0
0.0
0.0
0.0
0.0
0.0
0.0
0.0
0.0
0.0
0.0
0.0
7.9
0.1
0.0
0.8
0.2
0.0
0.0
0.0
0.0
0.0
0.0
15.1
