7.4
6.5
6.3
9.4
4.5
8.5
10.7
15.7
15.2
4.4
7.8
12.0
16.9
17.0
18.9
18.9
10.7
7.7
8.6
12.9
15.4
14.0
9.4
5.4
8.4
7.5
4.5
8.9
12.7
13.0
14.0
16.6
16.0
15.3
16.8
16.9
10.5
13.3
13.3
10.3
11.7
15.9
17.3
14.6
15.5
12.1
15.8
16.8
11.3
11.1
14.4
14.8
15.6
16.6
16.3
19.1
13.5
13.9
17.1
17.9
18.9
18.2
17.6
14.9
16.3
15.3
17.3
19.3
21.7
23.0
21.2
21.4
23.2
21.6
18.8
18.2
18.1
19.6
22.3
21.7
18.9
19.5
19.4
18.7
17.1
17.8
17.9
19.1
20.8
19.1
20.3
19.5
18.8
13.7
13.4
17.9
21.1
24.3
23.3
21.9
21.9
20.5
17.8
19.1
19.7
19.3
12.3
14.2
16.8
19.1
20.5
21.6
18.3
19.1
17.1
10.3
12.7
14.7
18.8
20.7
19.4
15.6
15.6
16.7
17.3
16.1
13.6
11.8
12.2
14.5
16.3
19.3
13.8
10.4
9.5
16.7
18.4
13.4
10.6
12.8
16.4
14.1
14.5
15.3
15.5
13.4
14.2
13.8
11.9
12.4
16.6
18.8
12.0
