14.8
7.2
7.8
10.7
13.9
7.4
6.6
5.6
7.9
9.6
7.1
7.5
7.8
7.2
8.3
9.5
6.5
7.9
9.6
12.2
13.6
15.3
16.0
14.6
15.2
14.9
16.1
10.3
11.2
12.2
18.1
17.4
13.3
14.6
15.3
16.6
18.7
19.6
23.1
18.1
18.8
21.5
14.1
11.8
11.9
11.1
15.6
12.3
15.9
17.7
15.7
12.6
16.0
15.3
16.9
19.8
22.1
22.6
23.7
21.2
20.9
19.3
20.3
23.0
17.9
13.4
15.9
17.3
19.3
22.9
21.3
22.9
22.4
19.7
18.9
18.6
13.3
11.1
17.7
18.4
19.0
21.1
18.0
16.2
18.7
19.7
17.1
13.3
17.0
17.8
19.1
20.5
21.1
20.0
21.6
22.0
17.6
13.8
15.9
19.3
20.8
20.9
23.5
22.1
25.8
19.7
13.5
13.6
15.9
14.7
18.4
16.6
9.9
11.2
15.3
18.0
19.3
17.1
19.1
22.0
19.7
17.4
16.4
17.2
16.1
11.0
8.3
6.7
7.6
9.1
13.0
14.1
13.5
16.1
21.1
13.1
8.2
10.0
7.1
8.7
13.3
16.1
19.6
9.2
11.2
11.5
12.7
17.5
10.8
10.2
7.4
12.3
11.7
