-8.605533838272094727e-01
-9.471769332885742188e-01
-9.772918820381164551e-01
-8.460338711738586426e-01
-1.111936211585998535e+00
-1.021107435226440430e+00
-8.593585491180419922e-01
-8.312243223190307617e-01
-1.117819786071777344e+00
-9.610286355018615723e-01
-8.255957961082458496e-01
-8.047087788581848145e-01
-1.207837939262390137e+00
-1.127632856369018555e+00
-1.173342704772949219e+00
-8.217772245407104492e-01
-8.434408903121948242e-01
8.213391900062561035e-02
-4.124773740768432617e-01
-8.304118514060974121e-01
-1.087634086608886719e+00
-8.501038551330566406e-01
-8.023694753646850586e-01
-1.287752866744995117e+00
-8.371351957321166992e-01
-8.502003550529479980e-01
-9.549734592437744141e-01
-9.166193008422851562e-01
-8.830725550651550293e-01
-9.029524922370910645e-01
-8.360727429389953613e-01
-9.593495726585388184e-01
-9.562324881553649902e-01
-9.201921820640563965e-01
-1.239267230033874512e+00
-8.005000948905944824e-01
-7.670659422874450684e-01
-9.045051932334899902e-01
-8.451960086822509766e-01
-1.029561638832092285e+00
-6.970239281654357910e-01
-9.627404808998107910e-01
-5.473515391349792480e-01
-1.069158673286437988e+00
-1.151979327201843262e+00
-8.327497243881225586e-01
-8.987429141998291016e-01
-6.102908253669738770e-01
-6.780195832252502441e-01
-8.479373455047607422e-01
-8.513040542602539062e-01
-8.469788432121276855e-01
-7.793154120445251465e-01
-8.642511367797851562e-01
-8.411107659339904785e-01
-9.561415314674377441e-01
-1.284608542919158936e-01
-9.890359044075012207e-01
-8.634923696517944336e-01
-8.709692955017089844e-01
-1.053419113159179688e+00
-1.186703681945800781e+00
-6.245532035827636719e-01
-1.154324859380722046e-01
-3.979318141937255859e-01
-7.135412693023681641e-01
-8.283577561378479004e-01
-1.148760080337524414e+00
-9.491646885871887207e-01
-1.159197807312011719e+00
-3.496809601783752441e-01
-8.356611132621765137e-01
-9.081931114196777344e-01
-8.015654683113098145e-01
-1.077307939529418945e+00
-1.120427846908569336e+00
-8.311107158660888672e-01
-1.096894621849060059e+00
-4.720290601253509521e-01
-1.000220775604248047e+00
-1.096124529838562012e+00
-9.262896776199340820e-01
-8.440326452255249023e-01
-7.352563738822937012e-01
-7.327867746353149414e-01
-8.705530166625976562e-01
-8.319602608680725098e-01
-1.028816223144531250e+00
-9.076649546623229980e-01
-1.298965692520141602e+00
-7.680805921554565430e-01
-9.775851964950561523e-01
-1.453769505023956299e-01
-4.161666333675384521e-01
-9.684712886810302734e-01
-8.247168064117431641e-01
-8.690488934516906738e-01
-9.509596824645996094e-01
-1.133936047554016113e+00
-1.263278484344482422e+00
-2.561920285224914551e-01
-1.128555059432983398e+00
-8.762949705123901367e-01
-9.053305387496948242e-01
-6.256852746009826660e-01
-1.098697423934936523e+00
-1.101414203643798828e+00
6.341106444597244263e-02
-7.658432126045227051e-01
-1.032058715820312500e+00
-8.668411970138549805e-01
-1.151835560798645020e+00
-9.692980051040649414e-01
-9.724882841110229492e-01
-7.998391985893249512e-01
-8.448527455329895020e-01
-1.139248013496398926e+00
-9.239481687545776367e-01
-8.650172948837280273e-01
-9.164997935295104980e-01
-8.528462648391723633e-01
-9.229412674903869629e-01
-8.446604013442993164e-01
-9.607967734336853027e-01
-8.612024188041687012e-01
9.463568776845932007e-02
-7.739772200584411621e-01
-9.983543753623962402e-01
-9.027298688888549805e-01
-9.708842039108276367e-01
-8.772760033607482910e-01
-1.009085059165954590e+00
-1.262704730033874512e+00
-8.766273260116577148e-01
-1.059534549713134766e+00
-8.846844434738159180e-01
-8.574114441871643066e-01
-7.907885313034057617e-02
-9.472230076789855957e-01
-1.030204296112060547e+00
-7.990887761116027832e-01
-3.503185510635375977e-01
-1.020347476005554199e+00
-7.460045218467712402e-01
-9.256864190101623535e-01
-8.039045333862304688e-01
-7.762880325317382812e-01
-7.583288550376892090e-01
-7.996867299079895020e-01
-8.086842894554138184e-01
-8.818135261535644531e-01
-3.526252508163452148e-01
-8.891417980194091797e-01
-7.981789112091064453e-01
-1.422645747661590576e-01
-6.600707769393920898e-01
-7.883766889572143555e-01
3.988855704665184021e-02
-9.153837561607360840e-01
-7.994548678398132324e-01
-6.152573227882385254e-01
-7.978979349136352539e-01
-8.976449370384216309e-01
-1.107258081436157227e+00
-8.143361210823059082e-01
-9.364273548126220703e-01
-8.985453248023986816e-01
-8.833165168762207031e-01
-8.639490604400634766e-01
-9.109598398208618164e-01
-8.710173964500427246e-01
-9.590246081352233887e-01
-7.642029523849487305e-01
-2.731778323650360107e-01
-8.143053054809570312e-01
-8.851167559623718262e-01
-8.879001736640930176e-01
-8.663471341133117676e-01
-1.148305058479309082e+00
-1.107733368873596191e+00
-7.419241666793823242e-01
-8.791438341140747070e-01
-9.780345559120178223e-01
-8.147374987602233887e-01
-3.471782207489013672e-01
-9.269015192985534668e-01
-8.669028282165527344e-01
-7.716416120529174805e-01
-1.548847556114196777e-01
-1.136601448059082031e+00
-8.326622843742370605e-01
-7.549126148223876953e-01
-9.199061989784240723e-01
-9.094015955924987793e-01
-3.785376548767089844e-01
-8.374142646789550781e-01
-6.826988458633422852e-01
-9.249475598335266113e-01
-5.637475103139877319e-02
-9.608254432678222656e-01
-9.236870408058166504e-01
-8.639372587203979492e-01
2.021378427743911743e-01
-7.156264781951904297e-01
-8.855040669441223145e-01
-8.594639897346496582e-01
-8.435018062591552734e-01
-8.263415098190307617e-01
-4.575399756431579590e-01
-9.206383824348449707e-01
-1.031074643135070801e+00
-8.714743852615356445e-01
-8.948829174041748047e-01
-8.724691867828369141e-01
-2.980143725872039795e-01
-1.123378396034240723e+00
-1.037156224250793457e+00
-8.253346681594848633e-01
-8.013612627983093262e-01
-8.812768459320068359e-01
-8.062205314636230469e-01
-1.023426055908203125e+00
-7.834136486053466797e-01
-9.194039106369018555e-01
-8.876707553863525391e-01
-1.046782493591308594e+00
-1.226040005683898926e+00
-8.352171778678894043e-01
-1.045311450958251953e+00
-3.366889059543609619e-01
-9.303646087646484375e-01
-5.718654990196228027e-01
-1.018325448036193848e+00
-1.228576421737670898e+00
-9.241950511932373047e-01
-1.051542162895202637e+00
-8.724520206451416016e-01
-9.326313734054565430e-01
-7.931139469146728516e-01
-8.945702910423278809e-01
-8.377503156661987305e-01
-6.808055639266967773e-01
-9.059672355651855469e-01
-1.199242472648620605e-01
-9.896770715713500977e-01
-1.026505827903747559e+00
-9.236781597137451172e-01
-9.832376837730407715e-01
-8.836423158645629883e-01
-9.162057638168334961e-01
-8.636297583580017090e-01
-7.902472615242004395e-01
-8.280435800552368164e-01
-9.618073701858520508e-01
-9.458024501800537109e-01
-9.585347175598144531e-01
-9.536583423614501953e-01
-7.974509000778198242e-01
-9.003195762634277344e-01
-7.257265448570251465e-01
-2.632155716419219971e-01
-1.052114367485046387e+00
-8.660349845886230469e-01
-1.124035596847534180e+00
-9.002836942672729492e-01
-1.076918363571166992e+00
-5.429971814155578613e-01
-8.060409426689147949e-01
-8.488168716430664062e-01
-1.170154929161071777e+00
-5.815306305885314941e-01
-8.876062631607055664e-01
-8.766459822654724121e-01
-9.224309325218200684e-01
-9.080576896667480469e-01
-6.778331398963928223e-01
-1.101140737533569336e+00
-7.487639039754867554e-02
-9.401648640632629395e-01
-8.298535346984863281e-01
-9.902073740959167480e-01
-9.034724831581115723e-01
-8.122125864028930664e-01
-9.479927420616149902e-01
-1.046954631805419922e+00
-8.747208118438720703e-01
-1.213595032691955566e+00
-8.714607357978820801e-01
-8.586080670356750488e-01
-9.199333786964416504e-01
-1.053043842315673828e+00
-8.643961548805236816e-01
-8.905723690986633301e-01
-8.746691942214965820e-01
-8.525363206863403320e-01
-8.759607672691345215e-01
-1.068538546562194824e+00
-8.913186192512512207e-01
-1.065193057060241699e+00
-8.493474721908569336e-01
-8.484196662902832031e-01
-8.470566272735595703e-01
-1.007491588592529297e+00
-1.040860533714294434e+00
-1.217041134834289551e+00
2.865501940250396729e-01
-1.221231818199157715e+00
-8.893397450447082520e-01
1.658217161893844604e-01
-8.790996074676513672e-01
-9.850701093673706055e-01
-9.248252511024475098e-01
-8.532274961471557617e-01
-1.136045455932617188e+00
-1.191892385482788086e+00
-9.188253283500671387e-01
-9.188547134399414062e-01
-1.165543198585510254e+00
-1.038735628128051758e+00
-2.798019349575042725e-01
-1.159915089607238770e+00
-9.320630431175231934e-01
-1.115802168846130371e+00
-9.048740267753601074e-01
-9.572540521621704102e-01
-1.040378212928771973e+00
-8.393082022666931152e-01
-9.108798503875732422e-01
-8.680741190910339355e-01
-1.114630579948425293e+00
-1.016475915908813477e+00
-9.257010817527770996e-01
-9.338055253028869629e-01
-3.154609203338623047e-01
-6.988291144371032715e-01
-1.117200613021850586e+00
-7.249288260936737061e-02
-5.603524446487426758e-01
-9.300314784049987793e-01
-5.963244438171386719e-01
-8.826186060905456543e-01
-9.628397822380065918e-01
-9.020539522171020508e-01
-8.360190987586975098e-01
-1.064568519592285156e+00
-1.081487059593200684e+00
-8.371608257293701172e-01
-8.768327832221984863e-01
-1.226130127906799316e+00
-7.845306396484375000e-01
-1.149048566818237305e+00
-9.151638150215148926e-01
-1.102131485939025879e+00
-1.159134984016418457e+00
-9.306775331497192383e-01
-8.670614361763000488e-01
-1.036282777786254883e+00
-1.124073028564453125e+00
-1.007207274436950684e+00
-9.817979931831359863e-01
-8.256111145019531250e-01
-1.121281266212463379e+00
-2.866672277450561523e-01
-1.165613055229187012e+00
-8.678961396217346191e-01
-9.488974809646606445e-01
-9.248124361038208008e-01
-8.715221881866455078e-01
-9.143236875534057617e-01
-9.024673104286193848e-01
-2.481134086847305298e-01
-8.407296538352966309e-01
-8.186287879943847656e-01
-8.962430357933044434e-01
-8.829349875450134277e-01
-1.068758130073547363e+00
-8.972766995429992676e-01
-8.944903612136840820e-01
-9.512318968772888184e-01
-1.112904191017150879e+00
-1.061778187751770020e+00
-1.012983679771423340e+00
-8.568568825721740723e-01
-8.510382771492004395e-01
-8.412822484970092773e-01
-8.667961955070495605e-01
-9.157518148422241211e-01
-8.873097300529479980e-01
-8.549306392669677734e-01
-8.816250562667846680e-01
-1.032043695449829102e+00
-7.906801700592041016e-01
-1.236978530883789062e+00
-8.374438881874084473e-01
-9.091992378234863281e-01
-1.124462246894836426e+00
-1.126739859580993652e+00
-1.059499025344848633e+00
-9.821965694427490234e-01
-8.143547177314758301e-01
5.828909873962402344e-01
3.891428709030151367e-01
5.960174202919006348e-01
6.529711484909057617e-01
5.649830102920532227e-01
5.781559348106384277e-01
6.384719014167785645e-01
6.242330074310302734e-01
5.909676551818847656e-01
5.170540809631347656e-01
5.754796862602233887e-01
5.865194201469421387e-01
2.630768418312072754e-01
3.305443525314331055e-01
2.539027631282806396e-01
4.444983601570129395e-01
3.325292766094207764e-01
4.118807911872863770e-01
6.644911170005798340e-01
6.373374462127685547e-01
3.570438921451568604e-01
2.884055972099304199e-01
4.672517776489257812e-01
3.915305137634277344e-01
3.891490697860717773e-01
5.917232632637023926e-01
5.369148850440979004e-01
5.504769086837768555e-01
6.570525169372558594e-01
6.116986870765686035e-01
6.216746568679809570e-01
6.251080632209777832e-01
5.536321401596069336e-01
5.431959629058837891e-01
4.534828662872314453e-01
5.415673851966857910e-01
5.147325396537780762e-01
5.605881214141845703e-01
5.515643954277038574e-01
4.457450211048126221e-01
7.228507399559020996e-01
3.579835295677185059e-01
3.915923833847045898e-01
3.721881210803985596e-01
2.309511750936508179e-01
6.429154872894287109e-01
3.693039417266845703e-01
4.220965206623077393e-01
1.574636846780776978e-01
6.081843376159667969e-01
5.307667851448059082e-01
3.037406206130981445e-01
4.566249549388885498e-01
5.866457819938659668e-01
5.978313684463500977e-01
5.841522812843322754e-01
3.328382670879364014e-01
5.185823440551757812e-01
5.884363055229187012e-01
6.327601671218872070e-01
5.101478099822998047e-01
4.092049896717071533e-01
4.039135873317718506e-01
5.085857510566711426e-01
7.181753218173980713e-02
2.517451345920562744e-01
5.251063108444213867e-01
4.214153885841369629e-01
4.088369309902191162e-01
4.922556877136230469e-01
2.413997203111648560e-01
4.777684211730957031e-01
5.949311256408691406e-01
5.591551065444946289e-01
4.391485452651977539e-01
5.151037573814392090e-01
5.787323713302612305e-01
5.865498185157775879e-01
2.923394441604614258e-01
3.166641592979431152e-01
5.734947919845581055e-01
6.122238636016845703e-01
4.512318968772888184e-01
5.513226985931396484e-01
2.653918266296386719e-01
5.837137699127197266e-01
6.187185645103454590e-01
5.628338456153869629e-01
3.185203671455383301e-01
4.615456163883209229e-01
7.508949637413024902e-01
-7.447591423988342285e-02
2.611972093582153320e-01
1.737644374370574951e-01
5.984290242195129395e-01
4.539544582366943359e-01
5.517905950546264648e-01
4.999724328517913818e-01
5.263117551803588867e-01
4.753023087978363037e-01
2.065326124429702759e-01
4.594994187355041504e-01
5.823651552200317383e-01
5.402598381042480469e-01
4.044435918331146240e-01
5.044490098953247070e-01
5.526170134544372559e-01
3.920587301254272461e-01
1.602619290351867676e-01
4.351122975349426270e-01
5.891949534416198730e-01
4.994423687458038330e-01
6.198508739471435547e-01
6.451534628868103027e-01
4.549983441829681396e-01
4.194091260433197021e-01
4.769544899463653564e-01
6.043071150779724121e-01
5.096622705459594727e-01
2.173508703708648682e-01
6.151311993598937988e-01
3.729329407215118408e-01
5.614720582962036133e-01
5.654019117355346680e-01
6.300486922264099121e-01
5.360158681869506836e-01
1.765411943197250366e-01
5.402354598045349121e-01
5.925504565238952637e-01
6.061143875122070312e-01
6.115235090255737305e-01
5.191497802734375000e-01
1.805057376623153687e-02
5.700768232345581055e-01
5.508641004562377930e-01
5.950303673744201660e-01
3.589766919612884521e-01
7.728446722030639648e-01
5.154039859771728516e-01
5.552542805671691895e-01
6.082109808921813965e-01
6.232385039329528809e-01
4.615285098552703857e-01
-1.610846072435379028e-01
5.692668557167053223e-01
3.613624870777130127e-01
2.143860459327697754e-01
4.066249430179595947e-01
5.879345536231994629e-01
6.266164779663085938e-01
3.953396379947662354e-01
3.427723348140716553e-01
4.482929110527038574e-01
5.819174647331237793e-01
2.375159971415996552e-02
3.333461880683898926e-01
5.917994379997253418e-01
2.208544760942459106e-01
5.699551701545715332e-01
5.625880360603332520e-01
5.614399909973144531e-01
5.958781242370605469e-01
4.066627621650695801e-01
4.050094485282897949e-01
4.720316231250762939e-01
5.164291858673095703e-01
-1.019048541784286499e-01
5.795812010765075684e-01
5.799605250358581543e-01
3.903034031391143799e-01
5.632126331329345703e-01
5.757630467414855957e-01
5.059180259704589844e-01
4.664718210697174072e-01
3.187752664089202881e-01
4.736808836460113525e-01
6.643456816673278809e-01
6.025208830833435059e-01
5.099661946296691895e-01
4.725745320320129395e-01
4.264968633651733398e-01
5.301281809806823730e-01
-5.413766577839851379e-02
4.890569150447845459e-01
2.564126551151275635e-01
6.044818162918090820e-01
3.994694054126739502e-01
4.066857099533081055e-01
1.414830237627029419e-01
3.475103974342346191e-01
5.514021515846252441e-01
4.923877418041229248e-01
6.374818086624145508e-01
3.929879963397979736e-01
2.269903123378753662e-01
4.420467615127563477e-01
2.607777714729309082e-01
5.731062293052673340e-01
7.180854678153991699e-01
5.599685907363891602e-01
-1.735439710319042206e-02
5.314902067184448242e-01
9.220386743545532227e-01
6.834557056427001953e-01
4.767427444458007812e-01
5.737336277961730957e-01
5.150293111801147461e-01
6.371458172798156738e-01
1.924798041582107544e-01
4.762438833713531494e-01
4.713159501552581787e-01
3.699865341186523438e-01
3.269041776657104492e-01
1.733566671609878540e-01
2.149581909179687500e-01
4.681557118892669678e-01
4.576402306556701660e-01
6.140890121459960938e-01
5.894064903259277344e-01
6.069918274879455566e-01
3.753800988197326660e-01
2.224890887737274170e-01
5.455506443977355957e-01
5.609821677207946777e-01
4.604527652263641357e-01
4.772855639457702637e-01
4.846441447734832764e-01
5.448606610298156738e-01
5.514021515846252441e-01
4.528359174728393555e-01
5.590553283691406250e-01
6.166119575500488281e-01
3.867567181587219238e-01
4.614976346492767334e-01
6.266825795173645020e-01
4.209829270839691162e-01
5.926034450531005859e-01
5.743110179901123047e-01
3.847652673721313477e-01
5.910754799842834473e-01
3.753705024719238281e-01
2.483140528202056885e-01
5.526491403579711914e-01
9.318000078201293945e-01
5.295096039772033691e-01
3.479977250099182129e-01
6.578992605209350586e-01
5.815814733505249023e-01
6.138272881507873535e-01
6.029438972473144531e-01
5.886583328247070312e-01
5.490086674690246582e-01
5.284786224365234375e-01
5.563755631446838379e-01
5.970553159713745117e-01
3.552413880825042725e-01
5.677297115325927734e-01
-9.140599519014358521e-03
5.756383538246154785e-01
5.347793698310852051e-01
6.403827667236328125e-01
5.147814154624938965e-01
5.687494277954101562e-01
4.745575785636901855e-01
5.698289871215820312e-01
4.475700557231903076e-01
6.988186836242675781e-01
5.312633514404296875e-01
6.021426320075988770e-01
4.376408755779266357e-01
1.191066429018974304e-01
5.389834046363830566e-01
5.038194656372070312e-01
5.849016308784484863e-01
4.989483952522277832e-01
4.343614876270294189e-01
3.124611377716064453e-01
7.284247875213623047e-01
4.947553873062133789e-01
3.286903202533721924e-01
5.818589329719543457e-01
5.104835629463195801e-01
6.454515457153320312e-01
5.803344845771789551e-01
5.033160448074340820e-01
6.072369813919067383e-01
4.281285107135772705e-01
5.157385468482971191e-01
4.988472759723663330e-01
5.416317582130432129e-01
4.482306838035583496e-01
6.596292257308959961e-01
5.648660659790039062e-01
6.285657286643981934e-01
5.816513299942016602e-01
1.213486418128013611e-01
3.510466814041137695e-01
6.161182522773742676e-01
3.167236149311065674e-01
3.794554769992828369e-01
6.025013327598571777e-01
5.929141640663146973e-01
4.624713361263275146e-01
5.427171587944030762e-01
4.341380298137664795e-01
4.332160055637359619e-01
4.793026745319366455e-01
5.635485053062438965e-01
9.243628978729248047e-01
5.191533565521240234e-01
5.400128960609436035e-01
6.305050253868103027e-01
2.589495182037353516e-01
5.128370523452758789e-01
2.960498034954071045e-01
6.153126955032348633e-01
6.211295723915100098e-01
4.704040288925170898e-01
5.401149392127990723e-01
6.606768369674682617e-01
4.087764024734497070e-01
5.177168250083923340e-01
4.013679027557373047e-01
5.737491846084594727e-01
5.369722843170166016e-01
5.521349310874938965e-01
6.139560937881469727e-01
5.840121507644653320e-01
5.397717356681823730e-01
4.244063794612884521e-01
3.202994465827941895e-01
5.713561773300170898e-01
6.370614767074584961e-01
7.832033634185791016e-01
-3.947885334491729736e-02
5.503044724464416504e-01
8.967767357826232910e-01
6.453872323036193848e-01
5.494720339775085449e-01
4.153047800064086914e-01
6.145800948143005371e-01
5.596560835838317871e-01
5.172185897827148438e-01
6.100202202796936035e-01
4.452122747898101807e-01
4.736278653144836426e-01
5.836441516876220703e-01
5.911824703216552734e-01
3.953491747379302979e-01
4.421266019344329834e-01
5.298311114311218262e-01
5.727139115333557129e-01
4.163353741168975830e-01
3.662542700767517090e-01
6.310459375381469727e-01
5.988929867744445801e-01
5.521874427795410156e-01
3.988414108753204346e-01
3.666892647743225098e-01
4.288249313831329346e-01
6.152053475379943848e-01
4.655505418777465820e-01
3.281314969062805176e-01
4.235324263572692871e-01
5.408894419670104980e-01
5.159998536109924316e-01
3.243472576141357422e-01
4.955466687679290771e-01
6.111393570899963379e-01
4.741846621036529541e-01
5.401122570037841797e-01
6.156896352767944336e-01
6.307170391082763672e-01
3.942075967788696289e-01
5.836368203163146973e-01
4.385119378566741943e-01
6.092902421951293945e-01
6.245450377464294434e-01
2.766675651073455811e-01
3.359790444374084473e-01
5.414924621582031250e-01
4.659381210803985596e-01
5.405696034431457520e-01
5.604606866836547852e-01
6.187121868133544922e-01
6.200969219207763672e-01
4.271975457668304443e-01
4.978159666061401367e-01
5.936996936798095703e-01
5.921252965927124023e-01
5.817525386810302734e-01
4.860701262950897217e-01
4.822735488414764404e-01
5.986364483833312988e-01
6.183758974075317383e-01
4.353928864002227783e-01
3.221055269241333008e-01
3.932165801525115967e-01
6.297612190246582031e-01
6.742740273475646973e-01
1.219711974263191223e-01
1.595524400472640991e-01
-1.356011331081390381e-01
-1.120734363794326782e-01
2.190786786377429962e-02
1.184188276529312134e-01
6.544738262891769409e-02
-1.345082670450210571e-01
1.438812911510467529e-01
1.408409774303436279e-01
1.352719664573669434e-01
4.587510973215103149e-02
4.673137515783309937e-02
-6.166825070977210999e-02
1.329442858695983887e-01
-2.389600574970245361e-01
1.590435057878494263e-01
1.656475067138671875e-01
3.081088066101074219e-01
7.439450174570083618e-02
4.557167738676071167e-02
4.807841479778289795e-01
1.675704270601272583e-01
1.170716900378465652e-02
-1.544931381940841675e-01
-8.030600100755691528e-02
4.791578277945518494e-02
9.288482367992401123e-02
-1.044843718409538269e-01
3.002530196681618690e-03
-2.175579592585563660e-02
5.579077452421188354e-02
-1.438608765602111816e-01
-1.532324682921171188e-02
-1.383700966835021973e-01
1.673305928707122803e-01
1.514528393745422363e-01
2.282233163714408875e-02
-6.840325891971588135e-02
1.678472906351089478e-01
-1.603401154279708862e-01
2.290840744972229004e-01
2.647865563631057739e-02
4.368931800127029419e-02
1.662156134843826294e-01
1.030256301164627075e-01
-1.735055595636367798e-01
-2.969314157962799072e-01
-3.245461732149124146e-02
-1.198379099369049072e-01
-1.313208192586898804e-01
4.368346184492111206e-02
-1.724790185689926147e-01
-5.574341397732496262e-03
1.068249791860580444e-01
-3.625899553298950195e-02
1.539817452430725098e-02
8.939853310585021973e-02
9.902576915919780731e-03
3.672254458069801331e-02
-1.094670966267585754e-01
-1.706155687570571899e-01
1.706461459398269653e-01
-2.675256133079528809e-01
1.386767476797103882e-01
1.995470374822616577e-01
-1.467386931180953979e-01
7.966630160808563232e-02
-1.739996522665023804e-01
-5.680152773857116699e-02
-1.157973483204841614e-01
-1.292869448661804199e-01
1.368402242660522461e-01
-1.879103928804397583e-01
1.996219158172607422e-01
1.254122406244277954e-01
6.151730939745903015e-02
-1.446127742528915405e-01
1.113451719284057617e-01
6.335348635911941528e-02
-9.316750615835189819e-02
-6.895655393600463867e-02
-2.633874714374542236e-01
1.951601207256317139e-01
1.911136358976364136e-01
2.201115246862173080e-03
-1.168534718453884125e-02
1.443585157394409180e-01
-2.460210956633090973e-02
-1.359772533178329468e-01
1.277233660221099854e-01
1.706164032220840454e-01
-8.029337227344512939e-02
-2.829442024230957031e-01
-7.516691833734512329e-02
-1.771312505006790161e-01
-1.162441894412040710e-01
-9.807384014129638672e-02
-7.387284189462661743e-02
-1.190963536500930786e-01
-2.857102267444133759e-02
1.902500092983245850e-01
-5.880229920148849487e-02
1.755389422178268433e-01
3.469151630997657776e-02
-1.315040141344070435e-01
5.150322988629341125e-02
-6.311371922492980957e-02
1.227532029151916504e-01
-2.571543753147125244e-01
6.236724928021430969e-02
-7.688597775995731354e-03
9.260883927345275879e-02
-3.875621408224105835e-02
-1.208771951496601105e-02
1.451363712549209595e-01
-1.879191957414150238e-02
4.499962553381919861e-02
1.419737190008163452e-01
-9.987353114411234856e-04
-9.466287679970264435e-03
-1.760393530130386353e-01
1.635182350873947144e-01
6.093898043036460876e-02
-5.247626453638076782e-02
2.859433591365814209e-01
-1.681153774261474609e-01
-1.656219214200973511e-01
-1.700283773243427277e-02
6.694781780242919922e-02
-2.183101139962673187e-02
-6.817846745252609253e-02
8.786798268556594849e-02
-4.459542036056518555e-02
-3.677232190966606140e-02
-1.123288422822952271e-01
-1.466772109270095825e-01
-6.169205531477928162e-02
-8.480547368526458740e-02
6.456863135099411011e-02
-1.249941289424896240e-01
-2.377552539110183716e-01
-2.825436741113662720e-02
2.747802138328552246e-01
-4.841506481170654297e-03
3.904211893677711487e-02
2.005254775285720825e-01
4.115590751171112061e-01
-1.157743111252784729e-01
-6.547516211867332458e-03
-1.159996315836906433e-01
-3.117661774158477783e-01
8.861131221055984497e-02
-1.195981800556182861e-01
-2.266979068517684937e-01
-1.131116133183240891e-02
-2.663424313068389893e-01
2.458074092864990234e-01
-5.805350095033645630e-02
-9.300921857357025146e-02
1.006585285067558289e-01
5.254855006933212280e-02
-1.396718770265579224e-01
-1.141067594289779663e-01
-1.901314407587051392e-01
-3.035686537623405457e-02
1.760874837636947632e-01
9.901718050241470337e-02
-3.996629733592271805e-03
-1.167233809828758240e-01
-1.481292545795440674e-01
1.442531496286392212e-01
1.838056892156600952e-01
1.787118464708328247e-01
-1.562618613243103027e-01
1.439274549484252930e-01
7.100781053304672241e-02
1.177429482340812683e-01
1.044698059558868408e-01
-2.640266530215740204e-02
-1.981986165046691895e-01
-8.246068656444549561e-02
-9.302291274070739746e-02
-2.011342793703079224e-01
-2.860281169414520264e-01
1.251251902431249619e-02
-1.858636438846588135e-01
-1.978330016136169434e-01
-4.139918386936187744e-01
-1.221201345324516296e-01
6.898725032806396484e-02
-2.078011929988861084e-01
1.060518994927406311e-01
-5.490018799901008606e-02
-1.697242259979248047e-01
5.135254189372062683e-02
1.339605003595352173e-01
-1.222337931394577026e-01
2.216517031192779541e-01
1.356019079685211182e-01
-1.421019784174859524e-03
1.134447976946830750e-01
1.082480907440185547e+00
-5.714653059840202332e-02
-1.471375022083520889e-02
3.841125592589378357e-02
-1.437149792909622192e-01
-5.115442723035812378e-02
-3.705920279026031494e-01
2.476321756839752197e-01
1.476750671863555908e-01
1.653758436441421509e-01
2.369999140501022339e-01
1.564831286668777466e-01
-1.407819986343383789e-01
-1.334277838468551636e-01
-3.847621008753776550e-02
-9.901267290115356445e-02
1.499226242303848267e-01
-2.979601267725229263e-04
1.495193243026733398e-01
1.908267885446548462e-01
1.557073742151260376e-01
-5.927799269556999207e-02
1.653826683759689331e-01
4.426331445574760437e-02
1.939971931278705597e-02
-1.504465937614440918e-01
-1.524346619844436646e-01
-1.980661749839782715e-01
-1.383972913026809692e-01
-4.531354904174804688e-01
-4.034067094326019287e-01
-1.537531241774559021e-02
-2.634087949991226196e-02
-4.088574275374412537e-02
-3.605625033378601074e-02
7.153369486331939697e-02
-1.749619543552398682e-01
1.264738291501998901e-01
-1.490671485662460327e-01
-2.084482014179229736e-01
1.890605986118316650e-01
-2.852971106767654419e-02
-1.248305886983871460e-01
1.585510671138763428e-01
2.841114811599254608e-02
1.045441403985023499e-01
1.137503236532211304e-01
4.122627899050712585e-02
3.447651118040084839e-02
-1.736092269420623779e-01
-1.395605653524398804e-01
-3.381559252738952637e-02
-5.267264693975448608e-02
-1.696226745843887329e-01
-9.594796225428581238e-03
2.301882654428482056e-01
1.088982671499252319e-01
-2.039240598678588867e-01
1.252160966396331787e-01
9.876073896884918213e-02
1.136735379695892334e-01
-5.806171149015426636e-02
5.048459023237228394e-02
7.131262123584747314e-02
-2.387201413512229919e-02
-1.343715488910675049e-01
-9.639494866132736206e-02
7.584352791309356689e-02
2.274225056171417236e-01
-9.394600987434387207e-02
-1.631172448396682739e-01
-1.246159430593252182e-02
1.209014728665351868e-01
-2.243663519620895386e-01
-1.043503358960151672e-01
3.191639855504035950e-02
2.200336940586566925e-02
2.108038812875747681e-01
7.933967560529708862e-02
-1.689218729734420776e-01
-2.287651598453521729e-02
-3.653292357921600342e-02
-1.377422958612442017e-01
-5.205827951431274414e-02
-5.244578421115875244e-02
-1.812813878059387207e-01
1.199617087841033936e-01
-3.680079802870750427e-02
8.963901549577713013e-02
1.041577011346817017e-01
5.202787742018699646e-02
-9.202423691749572754e-02
2.272073552012443542e-02
-1.095586493611335754e-01
-2.302963584661483765e-01
2.061308547854423523e-02
1.400529146194458008e-01
-1.190727800130844116e-01
-1.724119782447814941e-01
-6.855394691228866577e-02
5.554478615522384644e-02
-2.286506816744804382e-03
-6.841401010751724243e-02
-1.101281791925430298e-01
6.389866769313812256e-02
-1.183366775512695312e-01
-4.801682755351066589e-02
1.233310177922248840e-01
1.527412831783294678e-01
-5.556189268827438354e-02
-1.488529890775680542e-01
-1.630442887544631958e-01
1.624829769134521484e-01
1.585534214973449707e-01
8.607140928506851196e-02
1.227325126528739929e-01
1.226016506552696228e-02
6.581585109233856201e-02
-1.643007248640060425e-01
5.631213262677192688e-02
-2.030023932456970215e-01
6.333722174167633057e-02
-6.636654492467641830e-03
-1.078020036220550537e-01
1.030938327312469482e-01
7.970093190670013428e-02
-9.197354316711425781e-02
-1.821303963661193848e-01
1.067887470126152039e-01
2.923097054008394480e-05
6.999743729829788208e-02
-2.313980758190155029e-01
3.137850165367126465e-01
-1.160694882273674011e-01
-2.092365324497222900e-01
2.326685339212417603e-01
1.136638969182968140e-01
1.537110060453414917e-01
-1.088183745741844177e-01
-7.514446228742599487e-02
7.058518379926681519e-02
1.040703654289245605e-01
9.597232192754745483e-02
1.169834062457084656e-01
5.874427407979965210e-02
-1.516856253147125244e-01
-9.757066518068313599e-02
-2.631350755691528320e-01
7.476579397916793823e-02
-1.412166468799114227e-02
-9.891216177493333817e-04
-1.360397487878799438e-01
-3.404882922768592834e-02
1.873484998941421509e-02
1.671621203422546387e-02
-1.477155536413192749e-01
-5.037679895758628845e-02
-5.267382133752107620e-03
-4.457865655422210693e-02
-5.012034252285957336e-02
8.915276825428009033e-02
-1.077317595481872559e-01
-7.055554073303937912e-03
-5.885782837867736816e-02
1.680332422256469727e-01
-1.121143549680709839e-01
-1.363921612501144409e-01
1.623516827821731567e-01
-2.329540438950061798e-02
-4.386231675744056702e-02
1.367873549461364746e-01
1.926513314247131348e-01
-1.504002809524536133e-01
6.839177571237087250e-03
4.110960662364959717e-02
-3.261420503258705139e-02
8.314615488052368164e-02
5.769354104995727539e-02
3.518546372652053833e-02
-1.871390789747238159e-01
-1.489477604627609253e-01
-1.423161029815673828e-01
5.629894137382507324e-02
-1.150453761219978333e-01
-1.380611658096313477e-01
-1.017314475029706955e-02
-8.823817968368530273e-02
-2.497867308557033539e-02
1.020409539341926575e-01
-2.094086706638336182e-01
-8.701142668724060059e-02
5.048820376396179199e-02
2.822143957018852234e-02
1.289982199668884277e-01
1.638324372470378876e-02
-1.533593982458114624e-01
-3.521003574132919312e-02
1.058822050690650940e-01
-8.457975983619689941e-01
-9.613254070281982422e-01
-9.505932927131652832e-01
-8.298468589782714844e-01
-1.097630381584167480e+00
-9.522531032562255859e-01
-8.502262830734252930e-01
-8.239290118217468262e-01
-1.064043402671813965e+00
-9.607964754104614258e-01
-8.350900411605834961e-01
-7.879493236541748047e-01
-1.167599201202392578e+00
-1.106543898582458496e+00
-1.155170440673828125e+00
-7.953177690505981445e-01
-8.080828785896301270e-01
3.799632564187049866e-02
-4.241346418857574463e-01
-8.299033045768737793e-01
-1.092169642448425293e+00
-9.184843301773071289e-01
-8.050065040588378906e-01
-1.166648983955383301e+00
-7.744987607002258301e-01
-8.498132228851318359e-01
-9.367987513542175293e-01
-9.038849472999572754e-01
-8.598874211311340332e-01
-9.016859531402587891e-01
-8.208151459693908691e-01
-9.443380236625671387e-01
-9.288860559463500977e-01
-9.346815347671508789e-01
-1.210358023643493652e+00
-7.621313333511352539e-01
-7.385311126708984375e-01
-9.412233233451843262e-01
-8.441448807716369629e-01
-1.014208793640136719e+00
-6.121279001235961914e-01
-8.956522345542907715e-01
-5.305780172348022461e-01
-1.058672428131103516e+00
-1.119526624679565430e+00
-8.247473835945129395e-01
-8.810912370681762695e-01
-5.966370701789855957e-01
-5.754341483116149902e-01
-8.042110800743103027e-01
-8.242024183273315430e-01
-8.526903390884399414e-01
-7.538581490516662598e-01
-8.461423516273498535e-01
-8.235942721366882324e-01
-9.453150033950805664e-01
-2.562734782695770264e-01
-9.824363589286804199e-01
-8.650786280632019043e-01
-8.652406930923461914e-01
-1.048159599304199219e+00
-1.169803380966186523e+00
-6.134310364723205566e-01
-6.752043217420578003e-02
-4.125770032405853271e-01
-7.211940288543701172e-01
-8.321208953857421875e-01
-1.111596822738647461e+00
-9.121338129043579102e-01
-1.097818017005920410e+00
-3.338579535484313965e-01
-8.445361256599426270e-01
-8.799418807029724121e-01
-7.689887881278991699e-01
-1.073591589927673340e+00
-1.051924109458923340e+00
-8.364513516426086426e-01
-1.035358786582946777e+00
-4.702550768852233887e-01
-9.357134699821472168e-01
-1.024890542030334473e+00
-9.359635710716247559e-01
-8.244245052337646484e-01
-7.065711021423339844e-01
-7.681542038917541504e-01
-8.651148080825805664e-01
-8.272022008895874023e-01
-9.797630906105041504e-01
-9.063483476638793945e-01
-1.236544132232666016e+00
-6.594960689544677734e-01
-8.562337160110473633e-01
-2.391119897365570068e-01
-5.326898694038391113e-01
-9.378233551979064941e-01
-8.413565754890441895e-01
-8.627678155899047852e-01
-9.553462862968444824e-01
-1.094574928283691406e+00
-1.244490742683410645e+00
-1.883168369531631470e-01
-1.098974823951721191e+00
-8.784946799278259277e-01
-8.843886852264404297e-01
-6.771903634071350098e-01
-1.083328843116760254e+00
-1.056389451026916504e+00
1.293507516384124756e-01
-6.265683174133300781e-01
-9.828451871871948242e-01
-8.413009643554687500e-01
-1.112317562103271484e+00
-9.599928259849548340e-01
-9.214904308319091797e-01
-7.018871903419494629e-01
-8.085509538650512695e-01
-1.070970535278320312e+00
-9.054380655288696289e-01
-8.370320200920104980e-01
-9.051195979118347168e-01
-8.522276878356933594e-01
-8.972378373146057129e-01
-8.316000699996948242e-01
-9.856264591217041016e-01
-8.428855538368225098e-01
4.409046471118927002e-02
-7.795062065124511719e-01
-9.666466712951660156e-01
-8.952050209045410156e-01
-9.366733431816101074e-01
-8.531524538993835449e-01
-9.801809191703796387e-01
-1.295631051063537598e+00
-8.614028096199035645e-01
-1.000688076019287109e+00
-8.669940233230590820e-01
-7.970689535140991211e-01
7.731693983078002930e-02
-9.299043416976928711e-01
-9.579606652259826660e-01
-7.844508290290832520e-01
-2.672806084156036377e-01
-9.883491396903991699e-01
-8.711879849433898926e-01
-9.283365607261657715e-01
-7.980070710182189941e-01
-1.565725326538085938e+00
-6.946361660957336426e-01
-8.008708357810974121e-01
-7.911364436149597168e-01
-8.780238032341003418e-01
-3.436587154865264893e-01
-8.891376852989196777e-01
-7.849268317222595215e-01
-2.575669288635253906e-01
-6.594767570495605469e-01
-7.353571057319641113e-01
7.162820547819137573e-02
-9.220300316810607910e-01
-8.018220067024230957e-01
-5.996674299240112305e-01
-7.974722981452941895e-01
-8.917827606201171875e-01
-1.083454132080078125e+00
-7.685205936431884766e-01
-9.128934144973754883e-01
-8.353422880172729492e-01
-8.461301326751708984e-01
-8.570951819419860840e-01
-9.086644649505615234e-01
-8.297077417373657227e-01
-9.318626523017883301e-01
-7.229060530662536621e-01
-2.122918814420700073e-01
-8.047329187393188477e-01
-8.777056336402893066e-01
-8.395763039588928223e-01
-8.523222804069519043e-01
-1.101434826850891113e+00
-1.046808004379272461e+00
-7.227966189384460449e-01
-8.931342363357543945e-01
-9.688376188278198242e-01
-7.790334820747375488e-01
-3.525047898292541504e-01
-9.108193516731262207e-01
-8.531984686851501465e-01
-7.615027427673339844e-01
-1.060487180948257446e-01
-1.178972482681274414e+00
-8.038975000381469727e-01
-7.223456501960754395e-01
-8.947164416313171387e-01
-8.855358958244323730e-01
-3.513727784156799316e-01
-7.878891825675964355e-01
-6.572302579879760742e-01
-9.162225127220153809e-01
3.837187308818101883e-03
-9.132107496261596680e-01
-8.979685902595520020e-01
-8.468934297561645508e-01
2.474041432142257690e-01
-7.117661833763122559e-01
-8.848947286605834961e-01
-8.639289736747741699e-01
-7.995733022689819336e-01
-8.317112326622009277e-01
-6.093586683273315430e-01
-8.924140930175781250e-01
-1.019510030746459961e+00
-8.684552311897277832e-01
-8.793559670448303223e-01
-8.682214617729187012e-01
-2.970544695854187012e-01
-1.111100196838378906e+00
-9.854793548583984375e-01
-8.163022398948669434e-01
-7.640550732612609863e-01
-8.746660947799682617e-01
-7.907301783561706543e-01
-1.011641144752502441e+00
-7.502699494361877441e-01
-9.187214970588684082e-01
-8.655961155891418457e-01
-1.043500542640686035e+00
-1.215093970298767090e+00
-8.160536289215087891e-01
-1.025508403778076172e+00
-4.721682146191596985e-02
-8.755253553390502930e-01
-5.520806312561035156e-01
-1.018071532249450684e+00
-1.197779655456542969e+00
-8.851491212844848633e-01
-1.031518816947937012e+00
-8.734855651855468750e-01
-9.167066812515258789e-01
-7.814520001411437988e-01
-8.736609816551208496e-01
-8.298953771591186523e-01
-6.789114475250244141e-01
-8.713417053222656250e-01
1.230025812983512878e-01
-9.735836386680603027e-01
-1.012933969497680664e+00
-8.583554029464721680e-01
-9.719641208648681641e-01
-8.773257732391357422e-01
-9.082269072532653809e-01
-8.613047599792480469e-01
-7.462272644042968750e-01
-8.393323421478271484e-01
-9.431061148643493652e-01
-9.137011766433715820e-01
-8.928538560867309570e-01
-9.505792856216430664e-01
-8.030982613563537598e-01
-8.936015367507934570e-01
-6.990910768508911133e-01
-2.783381342887878418e-01
-1.047032356262207031e+00
-8.786026239395141602e-01
-1.084370374679565430e+00
-8.986761569976806641e-01
-1.004324078559875488e+00
-4.518309235572814941e-01
-8.180764913558959961e-01
-8.309551477432250977e-01
-1.138166308403015137e+00
-5.602567195892333984e-01
-8.874226808547973633e-01
-8.061497211456298828e-01
-8.965660333633422852e-01
-8.922328948974609375e-01
-6.217924356460571289e-01
-1.074293375015258789e+00
1.188509687781333923e-01
-9.383437037467956543e-01
-8.346799015998840332e-01
-9.684280753135681152e-01
-8.944869637489318848e-01
-8.146915435791015625e-01
-9.290919899940490723e-01
-1.063065767288208008e+00
-8.757231235504150391e-01
-1.153576016426086426e+00
-8.334175348281860352e-01
-8.468967676162719727e-01
-9.125077724456787109e-01
-9.686352610588073730e-01
-8.230772614479064941e-01
-8.912565708160400391e-01
-8.420157432556152344e-01
-8.553574085235595703e-01
-8.664501905441284180e-01
-1.001679539680480957e+00
-8.812038302421569824e-01
-1.005135059356689453e+00
-8.259962201118469238e-01
-8.231604695320129395e-01
-8.409706354141235352e-01
-8.993155360221862793e-01
-1.014560341835021973e+00
-1.164444565773010254e+00
3.528179824352264404e-01
-1.183460235595703125e+00
-8.885816931724548340e-01
4.899214208126068115e-01
-8.663941621780395508e-01
-9.820257425308227539e-01
-9.002698063850402832e-01
-8.471699357032775879e-01
-1.097457885742187500e+00
-1.223924040794372559e+00
-9.040214419364929199e-01
-8.950389027595520020e-01
-1.143976330757141113e+00
-1.010388135910034180e+00
-2.451740950345993042e-01
-1.144676804542541504e+00
-8.973838090896606445e-01
-1.095372915267944336e+00
-9.214391708374023438e-01
-9.679636359214782715e-01
-9.891617894172668457e-01
-8.486049771308898926e-01
-9.020525217056274414e-01
-8.430277705192565918e-01
-1.090433478355407715e+00
-1.014912009239196777e+00
-9.120367169380187988e-01
-9.171984791755676270e-01
-1.332452893257141113e-01
-7.229208350181579590e-01
-1.094093084335327148e+00
5.698727071285247803e-02
-5.626438856124877930e-01
-9.091157317161560059e-01
-5.728850364685058594e-01
-8.781479597091674805e-01
-9.519286751747131348e-01
-8.716560602188110352e-01
-8.236475586891174316e-01
-9.815679192543029785e-01
-9.965949654579162598e-01
-8.403960466384887695e-01
-8.510845303535461426e-01
-1.201794743537902832e+00
-7.344951629638671875e-01
-1.111454606056213379e+00
-9.293219447135925293e-01
-1.087553381919860840e+00
-1.135493993759155273e+00
-8.938896656036376953e-01
-8.599988222122192383e-01
-9.689350128173828125e-01
-1.099854230880737305e+00
-9.624364376068115234e-01
-9.819682836532592773e-01
-8.294347524642944336e-01
-1.106800079345703125e+00
-2.749036550521850586e-01
-1.138754129409790039e+00
-8.813190460205078125e-01
-8.908965587615966797e-01
-9.239892363548278809e-01
-8.656136989593505859e-01
-9.021622538566589355e-01
-9.096707701683044434e-01
-2.142893671989440918e-01
-8.427828550338745117e-01
-8.160790205001831055e-01
-8.832410573959350586e-01
-8.641650676727294922e-01
-1.062801241874694824e+00
-8.839259743690490723e-01
-8.852713108062744141e-01
-9.555745720863342285e-01
-1.052543282508850098e+00
-1.046226024627685547e+00
-9.821179509162902832e-01
-8.083486557006835938e-01
-8.444756269454956055e-01
-8.369928598403930664e-01
-8.538296222686767578e-01
-9.232226610183715820e-01
-8.769365549087524414e-01
-8.655985593795776367e-01
-8.653533458709716797e-01
-9.696581959724426270e-01
-7.477438449859619141e-01
-1.215300321578979492e+00
-8.182622194290161133e-01
-8.927029967308044434e-01
-1.071031451225280762e+00
-1.121102094650268555e+00
-1.040788292884826660e+00
-9.743821024894714355e-01
-8.801931738853454590e-01
