-1.587716460227966309e+00
-1.411460638046264648e+00
-1.295278668403625488e+00
-1.597737669944763184e+00
-1.540264606475830078e+00
-1.253417134284973145e+00
-1.250493288040161133e+00
-1.305670261383056641e+00
-1.323429942131042480e+00
-1.667744636535644531e+00
-1.302858948707580566e+00
-1.313898563385009766e+00
-1.280309319496154785e+00
-1.276186466217041016e+00
-1.292220592498779297e+00
-1.264728903770446777e+00
-1.458086848258972168e+00
-1.289172649383544922e+00
-1.276399493217468262e+00
-1.326608896255493164e+00
-1.378615736961364746e+00
-1.279658555984497070e+00
-1.253991246223449707e+00
-1.376451492309570312e+00
-1.298472285270690918e+00
-1.131490468978881836e+00
-1.312406539916992188e+00
-1.268705129623413086e+00
-1.422165036201477051e+00
-1.282979607582092285e+00
-1.332743406295776367e+00
-1.396630048751831055e+00
-1.369463682174682617e+00
-1.266841173171997070e+00
-1.283585190773010254e+00
-1.415661573410034180e+00
-1.310803174972534180e+00
-1.285057544708251953e+00
-1.310154557228088379e+00
-1.308658480644226074e+00
-1.418381214141845703e+00
-1.264336228370666504e+00
-1.277203440666198730e+00
-1.270105123519897461e+00
-1.274513483047485352e+00
-1.640436410903930664e+00
-1.244155287742614746e+00
-1.283673167228698730e+00
-1.527474403381347656e+00
-1.341607689857482910e+00
-1.289352655410766602e+00
-1.283910393714904785e+00
-1.255288600921630859e+00
-3.808299899101257324e-01
-1.332374095916748047e+00
-9.645284414291381836e-01
-1.259453892707824707e+00
-1.607647776603698730e+00
-1.297496318817138672e+00
-1.524444937705993652e+00
-1.324621081352233887e+00
-1.329896211624145508e+00
-1.279675126075744629e+00
-1.305135250091552734e+00
-1.395527124404907227e+00
-1.563203811645507812e+00
-1.405717730522155762e+00
-1.234374642372131348e+00
-1.444699764251708984e+00
-1.265438675880432129e+00
-1.374881744384765625e+00
-1.452011466026306152e+00
-1.291297554969787598e+00
-1.311747074127197266e+00
-1.401894688606262207e+00
-1.288842558860778809e+00
-1.301869392395019531e+00
-1.348099827766418457e+00
-1.290418624877929688e+00
-1.448689579963684082e+00
-1.178771972656250000e+00
-8.237016201019287109e-01
-1.317711710929870605e+00
-7.964494228363037109e-01
-1.310288429260253906e+00
-1.374614119529724121e+00
-1.455707788467407227e+00
-1.365096092224121094e+00
-1.329718112945556641e+00
-1.466964483261108398e+00
-1.316807746887207031e+00
-1.288497090339660645e+00
-1.297125339508056641e+00
-9.068775177001953125e-01
-1.466365694999694824e+00
-6.248989701271057129e-01
-1.485929846763610840e+00
-1.393431305885314941e+00
-1.271931648254394531e+00
-1.652687191963195801e+00
-1.282574772834777832e+00
-1.291753053665161133e+00
-1.296742796897888184e+00
-1.595295906066894531e+00
-1.281270027160644531e+00
-1.279336810111999512e+00
-1.314652323722839355e+00
-1.298759698867797852e+00
-1.304031848907470703e+00
-1.284152984619140625e+00
-1.336323142051696777e+00
-1.415423989295959473e+00
-1.290168404579162598e+00
-1.302337169647216797e+00
-1.281568765640258789e+00
-1.354158759117126465e+00
-1.286259770393371582e+00
-1.361216902732849121e+00
-1.297088980674743652e+00
-1.271782159805297852e+00
3.797337412834167480e-02
-1.292177438735961914e+00
-1.357472181320190430e+00
-1.267160177230834961e+00
-1.328551411628723145e+00
-1.622100591659545898e+00
-1.332736730575561523e+00
-1.293616533279418945e+00
-1.584035873413085938e+00
-1.613777279853820801e+00
-1.651581764221191406e+00
-1.292165637016296387e+00
-1.279629230499267578e+00
-1.298539519309997559e+00
-1.311134099960327148e+00
-1.347011208534240723e+00
-1.334517002105712891e+00
-1.303751826286315918e+00
-1.253615260124206543e+00
-1.320516467094421387e+00
-1.295864939689636230e+00
-1.298727035522460938e+00
-1.310519695281982422e+00
-1.295319557189941406e+00
-1.517993807792663574e+00
-1.351035356521606445e+00
-1.350905418395996094e+00
-1.401068449020385742e+00
-1.307659983634948730e+00
-1.355206489562988281e+00
-1.849181652069091797e+00
-1.274718880653381348e+00
-1.293560743331909180e+00
-1.315844297409057617e+00
-1.265183210372924805e+00
-1.354974746704101562e+00
-1.300088286399841309e+00
-1.276869416236877441e+00
-1.285844683647155762e+00
-1.254665613174438477e+00
-1.294651627540588379e+00
-1.380673885345458984e+00
-1.374202251434326172e+00
-1.454715490341186523e+00
-1.270002722740173340e+00
-1.426262736320495605e+00
-1.275141954421997070e+00
-1.279726505279541016e+00
-1.382283091545104980e+00
-1.450367808341979980e+00
-1.265404582023620605e+00
-1.317269206047058105e+00
-1.296806216239929199e+00
-1.646921157836914062e+00
-1.409036993980407715e+00
-6.502445936203002930e-01
-1.296720743179321289e+00
-1.394699931144714355e+00
-1.242209196090698242e+00
-1.281596541404724121e+00
-1.360977411270141602e+00
-1.270011782646179199e+00
-1.289364218711853027e+00
-1.326505541801452637e+00
-1.477938055992126465e+00
-1.295424103736877441e+00
-1.292555689811706543e+00
-1.266327142715454102e+00
-5.867922902107238770e-01
-1.285713076591491699e+00
-1.354173064231872559e+00
-4.686870276927947998e-01
-1.342042803764343262e+00
-3.623655065894126892e-02
-1.378642797470092773e+00
-1.322149634361267090e+00
-7.600299119949340820e-01
-9.436801075935363770e-01
-1.491196393966674805e+00
-1.458888173103332520e+00
-1.358713865280151367e+00
-1.412172794342041016e+00
-1.309899687767028809e+00
-1.433725833892822266e+00
-1.355837702751159668e+00
-1.289360284805297852e+00
-1.320057511329650879e+00
-1.326356649398803711e+00
-1.579815506935119629e+00
-1.279327630996704102e+00
-1.524752497673034668e+00
-6.726978421211242676e-01
-1.315373420715332031e+00
-1.280093193054199219e+00
-1.302396416664123535e+00
-1.286126494407653809e+00
-1.330056190490722656e+00
-1.261169195175170898e+00
-1.289565205574035645e+00
-1.356424450874328613e+00
-1.299836635589599609e+00
-1.326876282691955566e+00
-8.468686342239379883e-01
-1.845312118530273438e+00
-1.303137898445129395e+00
-1.263364553451538086e+00
-1.303669452667236328e+00
-1.324846506118774414e+00
-4.838146269321441650e-01
-1.265882372856140137e+00
-1.252613306045532227e+00
-1.185778021812438965e+00
-8.858397006988525391e-01
-1.393247246742248535e+00
-1.405121684074401855e+00
-1.424221515655517578e+00
-1.324935197830200195e+00
-8.211155533790588379e-01
-1.313718557357788086e+00
-1.615182518959045410e+00
-1.047730922698974609e+00
-8.025898337364196777e-01
-1.314879894256591797e+00
-1.372618913650512695e+00
-1.543166279792785645e+00
-1.280467033386230469e+00
-1.283632278442382812e+00
-7.577062249183654785e-01
-1.647160887718200684e+00
-1.420265674591064453e+00
-1.236014366149902344e+00
-1.304217934608459473e+00
-1.260471224784851074e+00
-1.523316979408264160e+00
-1.314245104789733887e+00
-1.301775217056274414e+00
-4.741106331348419189e-01
-8.360795378684997559e-01
-1.343658566474914551e+00
-1.279831886291503906e+00
-1.424195528030395508e+00
-1.285742878913879395e+00
-1.272715568542480469e+00
-1.296864867210388184e+00
-1.598816394805908203e+00
-1.275011539459228516e+00
-1.337148308753967285e+00
-1.342642426490783691e+00
-1.362761855125427246e+00
-8.894416093826293945e-01
-1.055043101310729980e+00
-1.313997983932495117e+00
-1.581474900245666504e+00
-1.284080147743225098e+00
-1.275548934936523438e+00
-1.275226354598999023e+00
-1.287267923355102539e+00
-1.304329037666320801e+00
-1.363748073577880859e+00
-1.435488700866699219e+00
-1.325726032257080078e+00
-1.458933472633361816e+00
-1.266330242156982422e+00
-1.329010486602783203e+00
-1.278961777687072754e+00
-1.282269001007080078e+00
-1.317639946937561035e+00
-1.262210130691528320e+00
-1.288274765014648438e+00
-1.285187244415283203e+00
3.803888335824012756e-02
-1.474153995513916016e+00
-1.350948929786682129e+00
-1.288461804389953613e+00
-1.379271864891052246e+00
-1.445326685905456543e+00
-1.345609545707702637e+00
-1.332496404647827148e+00
-1.250020027160644531e+00
-1.373232364654541016e+00
-1.311805009841918945e+00
-1.396136283874511719e+00
-1.433331608772277832e+00
-1.343361020088195801e+00
-1.282517194747924805e+00
-1.373010396957397461e+00
-1.351252555847167969e+00
-1.284043431282043457e+00
-1.449870944023132324e+00
-1.447089672088623047e+00
-1.293437123298645020e+00
-7.777298092842102051e-01
-1.323011517524719238e+00
-8.921056985855102539e-01
-1.408813476562500000e+00
-1.437763214111328125e+00
-1.258341908454895020e+00
-1.287169933319091797e+00
-1.334666490554809570e+00
-1.486278772354125977e+00
-1.324837923049926758e+00
-1.335653901100158691e+00
-1.310310721397399902e+00
-7.271528840065002441e-01
-1.353664875030517578e+00
-1.412316083908081055e+00
-1.461243033409118652e+00
-1.311221122741699219e+00
-1.275629639625549316e+00
-1.288887262344360352e+00
-1.277387261390686035e+00
-1.283407568931579590e+00
-1.309230566024780273e+00
-1.246948122978210449e+00
-1.329115748405456543e+00
-1.259241580963134766e+00
-1.330201506614685059e+00
-1.301671504974365234e+00
-1.286529064178466797e+00
-1.528489112854003906e+00
-1.298537850379943848e+00
-1.384115695953369141e+00
-1.275848388671875000e+00
-1.232444286346435547e+00
-1.251618981361389160e+00
-1.266508102416992188e+00
-1.404042959213256836e+00
-1.265891313552856445e+00
-1.283054828643798828e+00
-1.542859554290771484e+00
-1.315126061439514160e+00
-1.306623458862304688e+00
-1.289993286132812500e+00
-1.271868586540222168e+00
-1.269520521163940430e+00
-1.258898973464965820e+00
-1.463214159011840820e+00
-1.505818128585815430e+00
-1.429648399353027344e+00
-1.413037300109863281e+00
-1.292775034904479980e+00
-1.276682615280151367e+00
-1.315706849098205566e+00
-1.276773214340209961e+00
-1.295189023017883301e+00
-1.298996448516845703e+00
-1.296592950820922852e+00
-1.542750477790832520e+00
-1.276892066001892090e+00
-1.315549969673156738e+00
-1.391046166419982910e+00
-1.427500844001770020e+00
-1.380440711975097656e+00
-1.290549993515014648e+00
-1.504132270812988281e+00
-1.264965772628784180e+00
-1.289125800132751465e+00
-1.321363210678100586e+00
-1.255161762237548828e+00
-1.056375980377197266e+00
-1.445965290069580078e+00
-1.317076563835144043e+00
-1.270594239234924316e+00
-1.322819113731384277e+00
-1.273808002471923828e+00
-1.411222815513610840e+00
-1.457301139831542969e+00
-1.296483397483825684e+00
-1.375606536865234375e+00
-1.340492725372314453e+00
-1.264541625976562500e+00
-1.299646973609924316e+00
-1.302909731864929199e+00
-1.933475136756896973e+00
-1.302221655845642090e+00
-1.929423660039901733e-01
-6.394369006156921387e-01
-1.492519021034240723e+00
-1.250857830047607422e+00
-1.435658454895019531e+00
3.597643375396728516e-01
5.399057865142822266e-01
4.741958081722259521e-01
6.128022670745849609e-01
3.543483018875122070e-01
3.385382890701293945e-01
3.327318727970123291e-01
4.218340516090393066e-01
4.533647298812866211e-01
6.438074111938476562e-01
4.792696535587310791e-01
4.582905173301696777e-01
4.194210469722747803e-01
4.305092394351959229e-01
4.947434067726135254e-01
3.329324424266815186e-01
4.319728612899780273e-01
3.902842700481414795e-01
4.092986285686492920e-01
4.339057505130767822e-01
5.809503793716430664e-01
5.174623131752014160e-01
3.441621661186218262e-01
5.181404948234558105e-01
4.544486701488494873e-01
5.251411199569702148e-01
5.042588114738464355e-01
3.395686149597167969e-01
6.139026880264282227e-01
3.083627820014953613e-01
4.784739017486572266e-01
5.484223961830139160e-01
5.976142883300781250e-01
3.917355835437774658e-01
3.369810879230499268e-01
4.865170419216156006e-01
4.388711750507354736e-01
4.279166162014007568e-01
4.927489161491394043e-01
5.469404458999633789e-01
4.849307239055633545e-01
3.674629628658294678e-01
3.683471679687500000e-01
4.405059516429901123e-01
3.680296540260314941e-01
5.607738494873046875e-01
3.576508760452270508e-01
4.367144703865051270e-01
3.929397463798522949e-01
4.300558567047119141e-01
3.196210265159606934e-01
3.285401463508605957e-01
3.177236318588256836e-01
7.705937623977661133e-01
4.333647489547729492e-01
7.278560996055603027e-01
3.462668657302856445e-01
4.803261160850524902e-01
3.466504216194152832e-01
5.531245470046997070e-01
3.988293409347534180e-01
4.326529204845428467e-01
3.708247244358062744e-01
4.304679632186889648e-01
5.018076896667480469e-01
5.969121456146240234e-01
4.643311798572540283e-01
3.421243131160736084e-01
6.411312222480773926e-01
3.636637628078460693e-01
5.807575583457946777e-01
3.319627046585083008e-01
4.460109770298004150e-01
4.770916402339935303e-01
4.397067725658416748e-01
4.228292107582092285e-01
4.243218004703521729e-01
5.097557902336120605e-01
3.116012215614318848e-01
5.688659548759460449e-01
2.133801281452178955e-01
6.055306792259216309e-01
5.165720582008361816e-01
7.287985086441040039e-01
4.125598371028900146e-01
5.594108700752258301e-01
5.833118557929992676e-01
4.529004395008087158e-01
5.093966126441955566e-01
5.263576507568359375e-01
4.608440697193145752e-01
3.509757816791534424e-01
4.161299467086791992e-01
4.887140691280364990e-01
4.702807962894439697e-01
7.728446125984191895e-01
5.936575531959533691e-01
3.742396831512451172e-01
3.853946924209594727e-01
5.658043622970581055e-01
3.376874625682830811e-01
4.663248658180236816e-01
3.617118597030639648e-01
4.064325094223022461e-01
3.985933959484100342e-01
3.792461454868316650e-01
3.307013809680938721e-01
5.489287376403808594e-01
4.793392121791839600e-01
3.415830135345458984e-01
5.255598425865173340e-01
5.503835678100585938e-01
4.255031049251556396e-01
4.357959330081939697e-01
3.668789863586425781e-01
3.950354158878326416e-01
3.273821771144866943e-01
3.258111178874969482e-01
3.923356831073760986e-01
3.646111488342285156e-01
8.789583444595336914e-01
3.392859995365142822e-01
5.802822113037109375e-01
3.308643996715545654e-01
4.855117499828338623e-01
5.833837985992431641e-01
4.229750633239746094e-01
3.884574770927429199e-01
5.828212499618530273e-01
5.625348091125488281e-01
5.118774175643920898e-01
3.950988352298736572e-01
3.406535685062408447e-01
3.086056709289550781e-01
5.771715044975280762e-01
5.449761152267456055e-01
5.381702780723571777e-01
4.001665115356445312e-01
3.309878110885620117e-01
4.048942029476165771e-01
4.134652018547058105e-01
5.319296717643737793e-01
4.115732610225677490e-01
3.561061620712280273e-01
4.777374267578125000e-01
5.452295541763305664e-01
6.373369097709655762e-01
5.448940396308898926e-01
5.198319554328918457e-01
4.673154354095458984e-01
1.697104126214981079e-01
3.221733868122100830e-01
3.401765823364257812e-01
5.259817838668823242e-01
5.011020302772521973e-01
2.458207160234451294e-01
3.578075170516967773e-01
4.215820729732513428e-01
2.992585003376007080e-01
3.312867879867553711e-01
3.613240718841552734e-01
5.841165184974670410e-01
4.668895304203033447e-01
7.297335863113403320e-01
3.723940849304199219e-01
5.759652853012084961e-01
3.202457427978515625e-01
3.344009816646575928e-01
5.968749523162841797e-01
4.371809065341949463e-01
3.539982736110687256e-01
4.118375480175018311e-01
4.421065747737884521e-01
6.299622654914855957e-01
5.814115405082702637e-01
5.871602892875671387e-01
4.666919410228729248e-01
4.603671729564666748e-01
3.590679764747619629e-01
4.585132598876953125e-01
5.594130754470825195e-01
3.592193424701690674e-01
4.316456913948059082e-01
3.950797021389007568e-01
5.996598601341247559e-01
4.786927998065948486e-01
2.930276393890380859e-01
3.742446899414062500e-01
9.194030165672302246e-01
3.978881537914276123e-01
4.576099216938018799e-01
9.824140667915344238e-01
3.681893646717071533e-01
9.874993562698364258e-01
5.863491892814636230e-01
4.234277009963989258e-01
7.873439192771911621e-01
5.237850546836853027e-01
4.762678146362304688e-01
5.804623365402221680e-01
5.416061282157897949e-01
5.705942511558532715e-01
4.393610060214996338e-01
4.646061658859252930e-01
5.342772006988525391e-01
4.757689833641052246e-01
4.370584785938262939e-01
5.669900178909301758e-01
5.469573736190795898e-01
3.920778334140777588e-01
5.591632127761840820e-01
8.043224811553955078e-01
4.506037533283233643e-01
3.185943067073822021e-01
5.523512363433837891e-01
4.602187275886535645e-01
5.273291468620300293e-01
3.142908513545989990e-01
3.683406114578247070e-01
5.616163611412048340e-01
3.896320760250091553e-01
4.235979914665222168e-01
9.025757312774658203e-01
4.118832945823669434e-01
4.882932305335998535e-01
3.251507282257080078e-01
3.967945575714111328e-01
5.627700686454772949e-01
9.111864566802978516e-01
3.571408987045288086e-01
3.261522948741912842e-01
5.534361004829406738e-01
5.867109894752502441e-01
5.680360198020935059e-01
3.878095149993896484e-01
5.372599363327026367e-01
4.547798037528991699e-01
4.443257153034210205e-01
3.206783831119537354e-01
6.090954542160034180e-01
6.186088323593139648e-01
4.855932891368865967e-01
3.342874348163604736e-01
4.947456121444702148e-01
4.222308397293090820e-01
3.789065778255462646e-01
4.709728062152862549e-01
7.336233258247375488e-01
3.662120997905731201e-01
6.169438958168029785e-01
3.028007447719573975e-01
4.397476315498352051e-01
3.693259060382843018e-01
4.311208426952362061e-01
4.218140542507171631e-01
3.098069727420806885e-01
5.976876020431518555e-01
6.125321984291076660e-01
4.715859293937683105e-01
4.063061773777008057e-01
5.625175833702087402e-01
3.853681385517120361e-01
4.208254814147949219e-01
4.290693104267120361e-01
5.314552187919616699e-01
4.268965125083923340e-01
5.474258065223693848e-01
4.091908335685729980e-01
5.761914849281311035e-01
3.899606168270111084e-01
5.246062874794006348e-01
5.202809572219848633e-01
6.259770989418029785e-01
3.273057341575622559e-01
4.589512944221496582e-01
3.244062662124633789e-01
3.644165694713592529e-01
4.122340977191925049e-01
4.148362874984741211e-01
5.703830122947692871e-01
5.752248764038085938e-01
4.638507664203643799e-01
3.095240294933319092e-01
5.466843247413635254e-01
3.603663146495819092e-01
4.894682765007019043e-01
5.454727411270141602e-01
3.762651085853576660e-01
5.042561292648315430e-01
3.870567977428436279e-01
5.911762118339538574e-01
5.605642795562744141e-01
3.187252581119537354e-01
3.200891911983489990e-01
5.043176412582397461e-01
4.103945493698120117e-01
5.451291799545288086e-01
4.315646290779113770e-01
3.490954935550689697e-01
5.385944843292236328e-01
4.077059030532836914e-01
5.920389890670776367e-01
5.188528299331665039e-01
4.810943603515625000e-01
4.245651066303253174e-01
4.120016396045684814e-01
5.361296534538269043e-01
4.951655268669128418e-01
5.882326960563659668e-01
5.747961401939392090e-01
4.617215692996978760e-01
8.562859892845153809e-01
4.951317608356475830e-01
7.535371780395507812e-01
4.579877555370330811e-01
5.125131607055664062e-01
4.160921275615692139e-01
3.876611888408660889e-01
4.723206460475921631e-01
5.440204143524169922e-01
4.996932744979858398e-01
5.725814104080200195e-01
4.250847697257995605e-01
8.894074559211730957e-01
5.873285531997680664e-01
4.869565367698669434e-01
5.580922365188598633e-01
4.103589355945587158e-01
4.800608456134796143e-01
3.693390786647796631e-01
4.213154613971710205e-01
3.495999276638031006e-01
5.373693108558654785e-01
6.690521240234375000e-01
4.264456629753112793e-01
3.492716252803802490e-01
5.404305458068847656e-01
4.058060050010681152e-01
3.886249363422393799e-01
5.534244775772094727e-01
3.171767592430114746e-01
4.296790659427642822e-01
3.404117822647094727e-01
6.304826736450195312e-01
3.515764474868774414e-01
3.428867459297180176e-01
4.197881221771240234e-01
3.391375243663787842e-01
3.965670764446258545e-01
3.933413624763488770e-01
5.295656919479370117e-01
4.688675701618194580e-01
3.917512893676757812e-01
3.759454190731048584e-01
3.672747313976287842e-01
4.189197719097137451e-01
4.308117032051086426e-01
6.030483245849609375e-01
5.334159731864929199e-01
5.224506258964538574e-01
3.196771740913391113e-01
3.195794522762298584e-01
4.386176466941833496e-01
3.259012401103973389e-01
4.723061323165893555e-01
4.733948111534118652e-01
4.068562388420104980e-01
5.847716331481933594e-01
3.667519390583038330e-01
4.717315137386322021e-01
6.811672449111938477e-01
4.297931492328643799e-01
5.669822096824645996e-01
3.715031743049621582e-01
5.941082239151000977e-01
4.903820455074310303e-01
4.368998706340789795e-01
4.937291741371154785e-01
3.366782963275909424e-01
5.242576003074645996e-01
5.579165220260620117e-01
4.775405526161193848e-01
3.606800734996795654e-01
4.685911238193511963e-01
4.018695056438446045e-01
5.368387699127197266e-01
5.652624964714050293e-01
4.984924495220184326e-01
5.381838679313659668e-01
5.587959289550781250e-01
3.723701536655426025e-01
3.810715973377227783e-01
3.216255307197570801e-01
1.160084381699562073e-01
4.402168691158294678e-01
8.781018257141113281e-01
5.678141713142395020e-01
6.370528340339660645e-01
3.559511899948120117e-01
6.091136336326599121e-01
3.650769824162125587e-03
-4.266253206878900528e-03
-5.905414000153541565e-04
5.577406380325555801e-03
-6.673432420939207077e-03
9.115945431403815746e-04
-1.730349613353610039e-03
2.960883139166980982e-04
1.029799133539199829e-02
4.152139648795127869e-03
-8.998694829642772675e-04
2.154271351173520088e-03
-8.832273306325078011e-04
-7.259998237714171410e-04
-1.398743479512631893e-03
2.316832076758146286e-03
6.309431628324091434e-04
-1.725571695715188980e-03
-1.270423992536962032e-03
7.975040352903306484e-04
-4.467722959816455841e-03
6.309589371085166931e-04
-2.125618048012256622e-03
-3.340590046718716621e-03
1.676774350926280022e-03
-4.075213149189949036e-02
1.384996459819376469e-03
-1.926488126628100872e-03
-6.046105641871690750e-03
-4.120516590774059296e-03
4.071164410561323166e-03
-7.592934183776378632e-03
-5.532230134122073650e-04
2.943022991530597210e-04
3.774568438529968262e-03
-2.026446862146258354e-03
-6.343412678688764572e-04
1.477214100304991007e-04
-2.440753269183915108e-05
-2.142553916200995445e-03
1.779134734533727169e-03
1.552152563817799091e-03
6.391406059265136719e-04
-1.906643970869481564e-03
1.483283820562064648e-03
5.387821234762668610e-03
-1.605219440534710884e-04
-2.487738151103258133e-03
1.502597006037831306e-03
-1.405260874889791012e-03
-2.768510967143811285e-05
-3.845007158815860748e-03
1.657820539548993111e-03
-8.539389073848724365e-02
3.045597695745527744e-04
6.185317877680063248e-03
4.178835952188819647e-04
6.292500998824834824e-03
-4.095123149454593658e-03
-6.397253368049860001e-03
4.909698618575930595e-04
1.055321656167507172e-03
3.086085664108395576e-03
1.731989206746220589e-03
-2.687776461243629456e-03
-8.709267713129520416e-04
-9.054315276443958282e-03
-1.020449562929570675e-03
-3.754768054932355881e-03
-3.210155060514807701e-03
5.558149423450231552e-03
-7.238278165459632874e-03
1.429044525139033794e-03
1.037365873344242573e-03
4.275297280400991440e-03
-4.289430798962712288e-04
3.157186438329517841e-04
2.884760033339262009e-03
9.513293043710291386e-04
6.146810017526149750e-03
-2.697292529046535492e-02
3.280910849571228027e-02
-1.873254776000976562e-02
4.255741089582443237e-02
1.237375545315444469e-03
-3.160271095111966133e-03
4.716307390481233597e-03
-2.864974783733487129e-03
7.303581223823130131e-04
4.986008279956877232e-04
-6.734038470312952995e-05
-4.765910096466541290e-03
-2.278751926496624947e-03
2.416427433490753174e-02
-6.371486233547329903e-04
-2.506120130419731140e-02
-2.197594847530126572e-03
9.595974348485469818e-03
-1.516943564638495445e-03
3.309588646516203880e-03
1.021101052174344659e-04
1.358908135443925858e-03
-3.701709210872650146e-03
-1.076971762813627720e-03
8.135495008900761604e-04
-3.164144605398178101e-02
-3.975665094912983477e-05
2.794797765091061592e-03
-1.088175922632217407e-04
2.568253548815846443e-03
1.444892026484012604e-03
2.732196124270558357e-03
1.736536272801458836e-03
2.522860653698444366e-03
5.027908831834793091e-03
-2.861273242160677910e-03
-1.322948955930769444e-03
2.633277093991637230e-03
6.820142734795808792e-04
2.490547194611281157e-05
-5.807172134518623352e-02
3.635927336290478706e-03
-5.251532886177301407e-03
-2.086190041154623032e-03
2.504095318727195263e-04
5.668077617883682251e-03
-2.119246171787381172e-03
4.934732336550951004e-03
-3.019599476829171181e-03
-8.076230296865105629e-04
1.252494007349014282e-02
3.075787797570228577e-03
1.614519511349499226e-03
1.375672174617648125e-03
-2.184165932703763247e-04
-2.970391884446144104e-03
-1.866358448751270771e-03
-1.231868518516421318e-03
3.674701787531375885e-03
-1.756768790073692799e-03
-3.944482654333114624e-03
1.109087374061346054e-03
-1.464571221731603146e-03
1.614697830518707633e-04
2.197422552853822708e-03
8.492952911183238029e-04
1.381251215934753418e-02
3.501468163449317217e-04
-3.689871868118643761e-03
-7.469664560630917549e-04
2.073048800230026245e-02
-2.105893567204475403e-03
-3.642626979853957891e-04
-1.025130273774266243e-03
3.772743744775652885e-03
-2.612482057884335518e-03
7.494046585634350777e-04
1.610508625162765384e-04
-1.935599604621529579e-03
-1.670499565079808235e-03
-5.218525184318423271e-04
4.172363784164190292e-03
-1.123466179706156254e-03
-7.133665960282087326e-03
1.602737116627395153e-03
2.024938818067312241e-03
8.159870048984885216e-04
-2.427862491458654404e-03
-3.125319024547934532e-03
-1.743983011692762375e-03
-8.876435458660125732e-05
1.633826876059174538e-03
1.416534301824867725e-03
1.312267151661217213e-03
-3.854338079690933228e-03
-7.533629983663558960e-02
2.212489023804664612e-03
-6.171780172735452652e-03
8.757276809774339199e-04
5.326395039446651936e-04
-1.360886613838374615e-03
5.476076039485633373e-04
-2.336092758923768997e-03
1.371792634017765522e-03
1.325556542724370956e-03
-1.071558799594640732e-04
4.796303110197186470e-04
1.067913603037595749e-03
-4.321949183940887451e-02
-1.581687829457223415e-03
-1.077964669093489647e-03
4.905751347541809082e-02
-5.804105603601783514e-05
-1.633516848087310791e-01
-6.565514951944351196e-03
6.537208682857453823e-04
-1.547523029148578644e-02
3.008436784148216248e-02
1.449960545869544148e-04
-4.582101479172706604e-03
2.668496919795870781e-03
4.785780329257249832e-03
-1.157600549049675465e-03
7.145371288061141968e-03
-7.540158927440643311e-03
-2.079705242067575455e-03
2.000111388042569160e-03
3.107668133452534676e-03
8.409829810261726379e-03
-9.155429142992943525e-05
-6.102154497057199478e-03
-2.811854146420955658e-02
3.070528386160731316e-03
-3.434367943555116653e-03
2.763529075309634209e-03
9.415542590431869030e-04
-6.243722746148705482e-04
-3.174768935423344374e-04
5.151332356035709381e-03
3.834581468254327774e-03
1.572760404087603092e-03
-4.642114974558353424e-03
2.768926322460174561e-03
1.667983829975128174e-02
-2.147364662960171700e-03
-3.676974913105368614e-03
-4.144493024796247482e-03
-1.905856071971356869e-03
-4.390323162078857422e-02
4.166109138168394566e-04
-8.615685510449111462e-04
2.659598365426063538e-02
-2.960528805851936340e-02
-1.892924774438142776e-03
-4.747836210299283266e-04
5.764145869761705399e-03
1.036215573549270630e-03
5.190194398164749146e-02
-2.038123086094856262e-02
4.849377553910017014e-03
2.086003869771957397e-02
5.396865680813789368e-02
-1.995238242670893669e-03
-8.845002739690244198e-04
-2.610598457977175713e-03
-1.294122776016592979e-03
-1.060554990544915199e-03
-8.262885361909866333e-02
-1.081548258662223816e-02
2.107910579070448875e-03
4.332059249281883240e-02
-1.575761707499623299e-03
1.262041274458169937e-03
-4.198371898382902145e-03
2.655145071912556887e-04
6.540797767229378223e-04
-8.418172597885131836e-02
-2.784543670713901520e-02
8.606209303252398968e-04
3.933385945856571198e-03
-3.015241236425936222e-04
5.271282512694597244e-03
2.498753601685166359e-03
-1.299770432524383068e-03
1.036282256245613098e-02
7.127440767362713814e-05
1.426513772457838058e-03
-3.125263145193457603e-03
2.623730339109897614e-03
2.548365890979766846e-01
2.430435083806514740e-02
3.059381386265158653e-03
-3.245675936341285706e-03
-2.729117637500166893e-03
5.219638696871697903e-04
2.604984329082071781e-04
3.271542256698012352e-03
-6.274560582824051380e-04
-3.461747197434306145e-03
-7.441371213644742966e-03
7.684219162911176682e-04
8.289995021186769009e-04
-7.752506062388420105e-04
-4.804442287422716618e-04
-1.002387609332799911e-03
-4.592369659803807735e-04
-9.966698708012700081e-04
1.340257469564676285e-03
3.269802837166935205e-04
2.552783407736569643e-04
-5.324088968336582184e-03
-6.827708333730697632e-03
-2.316570142284035683e-03
-2.611151721794158220e-04
-2.230628859251737595e-03
2.423714613541960716e-03
1.456210506148636341e-03
1.360751222819089890e-03
1.025193254463374615e-03
2.276526065543293953e-03
-7.839200552552938461e-04
-3.422137349843978882e-03
-4.847636912018060684e-03
9.422098519280552864e-04
3.409930039197206497e-03
4.994610790163278580e-03
-6.794989574700593948e-03
-1.805811771191656590e-04
3.491973504424095154e-03
-6.852981634438037872e-03
-2.408162225037813187e-03
-1.659278199076652527e-02
-9.104635100811719894e-04
-2.413672022521495819e-02
3.771278774365782738e-03
-4.168196755927056074e-04
4.256606101989746094e-03
-3.116152947768568993e-03
3.552463895175606012e-04
2.336914883926510811e-03
-1.757885562255978584e-03
-1.667358353734016418e-02
1.327544334344565868e-03
-4.843840841203927994e-03
-3.403517650440335274e-03
7.047711405903100967e-03
6.208055419847369194e-04
-6.689613801427185535e-04
-1.798871322534978390e-03
2.162650227546691895e-03
-2.674379851669073105e-03
1.863435842096805573e-03
-3.424561873544007540e-04
-5.960742011666297913e-03
3.677567001432180405e-03
2.373152645304799080e-03
1.041381270624697208e-03
2.933225128799676895e-03
3.990599885582923889e-03
-4.685428459197282791e-03
3.914757980965077877e-04
-2.928203204646706581e-03
-4.393505223561078310e-04
-6.070830672979354858e-02
3.037305315956473351e-03
-2.596328267827630043e-03
8.295870386064052582e-03
-3.057732013985514641e-03
-1.051237923093140125e-03
-3.421220462769269943e-04
-4.138275107834488153e-04
2.132523950422182679e-04
-8.469681779388338327e-05
8.675033459439873695e-04
-3.088231431320309639e-03
-2.205959899583831429e-04
-2.569894131738692522e-04
-4.023053217679262161e-03
-1.898784888908267021e-03
-3.921117167919874191e-03
6.447606720030307770e-04
2.084805397316813469e-03
-3.374914405867457390e-03
-1.472175121307373047e-03
1.117577892728149891e-03
2.296981110703200102e-04
7.688992773182690144e-04
-5.641847848892211914e-03
3.742392873391509056e-04
-2.184877637773752213e-03
-1.598853990435600281e-02
-1.131449826061725616e-03
-5.828681605635210872e-05
-1.064120442606508732e-04
3.528777742758393288e-03
-1.451348798582330346e-04
-3.331158543005585670e-03
-1.830844394862651825e-02
4.392360802739858627e-03
2.166641061194241047e-04
-3.206492401659488678e-03
2.527497708797454834e-03
-3.765572095289826393e-03
3.666110569611191750e-03
1.970360288396477699e-03
7.535075768828392029e-03
5.769995041191577911e-03
-3.973702841904014349e-04
1.972926547750830650e-03
3.432731144130229950e-03
-2.354503376409411430e-03
-5.787998452433384955e-05
2.584964595735073090e-02
2.171325683593750000e-02
-2.272096229717135429e-03
1.903011649847030640e-01
6.866390258073806763e-02
4.558506887406110764e-03
8.433842594968155026e-05
-3.877390874549746513e-03
-1.527186155319213867e+00
-1.382552146911621094e+00
-1.276342511177062988e+00
-1.540167927742004395e+00
-1.542082548141479492e+00
-1.262615084648132324e+00
-1.266619682312011719e+00
-1.289025306701660156e+00
-1.299610137939453125e+00
-1.601663351058959961e+00
-1.276429772377014160e+00
-1.290983796119689941e+00
-1.255217909812927246e+00
-1.268999099731445312e+00
-1.266794085502624512e+00
-1.282088637351989746e+00
-1.425287485122680664e+00
-1.277940630912780762e+00
-1.268206119537353516e+00
-1.294327497482299805e+00
-1.341194987297058105e+00
-1.251490950584411621e+00
-1.271543860435485840e+00
-1.309169411659240723e+00
-1.267019391059875488e+00
-1.145654678344726562e+00
-1.265645146369934082e+00
-1.276163339614868164e+00
-1.356562018394470215e+00
-1.288944602012634277e+00
-1.285371780395507812e+00
-1.331078648567199707e+00
-1.311294794082641602e+00
-1.265950083732604980e+00
-1.298456192016601562e+00
-1.380749940872192383e+00
-1.280552268028259277e+00
-1.270630836486816406e+00
-1.263812422752380371e+00
-1.271167755126953125e+00
-1.356262207031250000e+00
-1.270377039909362793e+00
-1.277123332023620605e+00
-1.253916859626770020e+00
-1.265663385391235352e+00
-1.606039762496948242e+00
-1.238927245140075684e+00
-1.264067649841308594e+00
-1.494770765304565430e+00
-1.313549757003784180e+00
-1.299372434616088867e+00
-1.294018507003784180e+00
-1.268195152282714844e+00
-4.041243493556976318e-01
-1.298016190528869629e+00
-8.971039056777954102e-01
-1.269988059997558594e+00
-1.556846141815185547e+00
-1.291968941688537598e+00
-1.487875819206237793e+00
-1.324046373367309570e+00
-1.316050529479980469e+00
-1.292876958847045898e+00
-1.278674960136413574e+00
-1.337199926376342773e+00
-1.517836570739746094e+00
-1.393177270889282227e+00
-1.242662549018859863e+00
-1.376353740692138672e+00
-1.276031732559204102e+00
-1.325594902038574219e+00
-1.419703841209411621e+00
-1.288473010063171387e+00
-1.289996743202209473e+00
-1.391479492187500000e+00
-1.266852855682373047e+00
-1.295201182365417480e+00
-1.310261130332946777e+00
-1.305479288101196289e+00
-1.409934878349304199e+00
-1.199570059776306152e+00
-8.682107329368591309e-01
-1.313737869262695312e+00
-7.700840234756469727e-01
-1.289552450180053711e+00
-1.312895894050598145e+00
-1.391667962074279785e+00
-1.330726861953735352e+00
-1.305469274520874023e+00
-1.439966440200805664e+00
-1.277869939804077148e+00
-1.291247487068176270e+00
-1.272060036659240723e+00
-8.595924377441406250e-01
-1.405411005020141602e+00
-5.898659825325012207e-01
-1.434313416481018066e+00
-1.385804772377014160e+00
-1.251979351043701172e+00
-1.601035594940185547e+00
-1.250106692314147949e+00
-1.257642388343811035e+00
-1.299321651458740234e+00
-1.567893743515014648e+00
-1.293163537979125977e+00
-1.287022471427917480e+00
-1.321676135063171387e+00
-1.265943765640258789e+00
-1.278774142265319824e+00
-1.296400070190429688e+00
-1.288860678672790527e+00
-1.344057559967041016e+00
-1.270946502685546875e+00
-1.295910596847534180e+00
-1.267222642898559570e+00
-1.297733426094055176e+00
-1.276660561561584473e+00
-1.329211950302124023e+00
-1.272439837455749512e+00
-1.277154922485351562e+00
1.224692314863204956e-01
-1.296232223510742188e+00
-1.307546973228454590e+00
-1.287543416023254395e+00
-1.289580106735229492e+00
-1.551007151603698730e+00
-1.303041696548461914e+00
-1.268367171287536621e+00
-1.539001345634460449e+00
-1.558043122291564941e+00
-1.587033510208129883e+00
-1.273856997489929199e+00
-1.288801789283752441e+00
-1.308785200119018555e+00
-1.260549664497375488e+00
-1.293756365776062012e+00
-1.287262558937072754e+00
-1.279579877853393555e+00
-1.273528575897216797e+00
-1.308650732040405273e+00
-1.278855919837951660e+00
-1.261332154273986816e+00
-1.294106483459472656e+00
-1.301404833793640137e+00
-1.481374740600585938e+00
-1.309946060180664062e+00
-1.278910875320434570e+00
-1.358799099922180176e+00
-1.269692659378051758e+00
-1.326428651809692383e+00
-1.789919972419738770e+00
-1.285289168357849121e+00
-1.295414090156555176e+00
-1.269782185554504395e+00
-1.221292972564697266e+00
-1.373550653457641602e+00
-1.310198426246643066e+00
-1.262154102325439453e+00
-1.288302302360534668e+00
-1.263053417205810547e+00
-1.315600991249084473e+00
-1.326415777206420898e+00
-1.326568245887756348e+00
-1.414039850234985352e+00
-1.271345615386962891e+00
-1.371979475021362305e+00
-1.284101605415344238e+00
-1.302327752113342285e+00
-1.322301149368286133e+00
-1.408281445503234863e+00
-1.273045301437377930e+00
-1.316241741180419922e+00
-1.259612083435058594e+00
-1.614007830619812012e+00
-1.357305884361267090e+00
-6.243520975112915039e-01
-1.268587827682495117e+00
-1.368253707885742188e+00
-1.257048606872558594e+00
-1.271410584449768066e+00
-1.312484502792358398e+00
-1.265319943428039551e+00
-1.271020770072937012e+00
-1.317779660224914551e+00
-1.432024717330932617e+00
-1.273525238037109375e+00
-1.288592457771301270e+00
-1.265762090682983398e+00
-5.140219926834106445e-01
-1.278865098953247070e+00
-1.330185294151306152e+00
-3.215321898460388184e-01
-1.306912660598754883e+00
-4.225886613130569458e-02
-1.311298131942749023e+00
-1.284133434295654297e+00
-6.638297438621520996e-01
-9.385139346122741699e-01
-1.447172641754150391e+00
-1.379609704017639160e+00
-1.316390037536621094e+00
-1.366704225540161133e+00
-1.286161780357360840e+00
-1.398312091827392578e+00
-1.335208654403686523e+00
-1.259972810745239258e+00
-1.304124355316162109e+00
-1.280298113822937012e+00
-1.507855057716369629e+00
-1.261171102523803711e+00
-1.470099806785583496e+00
-5.927421450614929199e-01
-1.281995058059692383e+00
-1.299926519393920898e+00
-1.263667225837707520e+00
-1.260689735412597656e+00
-1.305188059806823730e+00
-1.268266677856445312e+00
-1.312419295310974121e+00
-1.320715069770812988e+00
-1.288979649543762207e+00
-1.264137864112854004e+00
-7.681857943534851074e-01
-1.816327333450317383e+00
-1.265343904495239258e+00
-1.276422739028930664e+00
-1.286659002304077148e+00
-1.283945798873901367e+00
-3.567859232425689697e-01
-1.278530120849609375e+00
-1.271095156669616699e+00
-1.191663146018981934e+00
-8.983566164970397949e-01
-1.352996110916137695e+00
-1.391171097755432129e+00
-1.394295930862426758e+00
-1.306468605995178223e+00
-8.373587131500244141e-01
-1.301844716072082520e+00
-1.539780855178833008e+00
-1.050141572952270508e+00
-8.192105293273925781e-01
-1.294141411781311035e+00
-1.299944996833801270e+00
-1.509261131286621094e+00
-1.282479047775268555e+00
-1.258919596672058105e+00
-6.760474443435668945e-01
-1.625175714492797852e+00
-1.367145657539367676e+00
-1.249033570289611816e+00
-1.297016143798828125e+00
-1.258139133453369141e+00
-1.497477531433105469e+00
-1.295030713081359863e+00
-1.319184303283691406e+00
-5.055580139160156250e-01
-7.473511099815368652e-01
-1.280213117599487305e+00
-1.257984519004821777e+00
-1.373424768447875977e+00
-1.301376938819885254e+00
-1.267877697944641113e+00
-1.294333457946777344e+00
-1.520904660224914551e+00
-1.250945687294006348e+00
-1.275107860565185547e+00
-1.313380837440490723e+00
-1.305057883262634277e+00
-1.145777225494384766e+00
-1.062389731407165527e+00
-1.282454133033752441e+00
-1.535050034523010254e+00
-1.289034008979797363e+00
-1.250919580459594727e+00
-1.278425812721252441e+00
-1.273270726203918457e+00
-1.280994176864624023e+00
-1.356974840164184570e+00
-1.413134217262268066e+00
-1.289901852607727051e+00
-1.427692294120788574e+00
-1.285393476486206055e+00
-1.268962144851684570e+00
-1.281685709953308105e+00
-1.258954286575317383e+00
-1.278282523155212402e+00
-1.252522230148315430e+00
-1.250615000724792480e+00
-1.281811833381652832e+00
7.232806682586669922e-01
-1.391102313995361328e+00
-1.310481309890747070e+00
-1.310386419296264648e+00
-1.330128550529479980e+00
-1.421532988548278809e+00
-1.307902932167053223e+00
-1.320920586585998535e+00
-1.261070609092712402e+00
-1.318234801292419434e+00
-1.286144971847534180e+00
-1.341892957687377930e+00
-1.378824591636657715e+00
-1.316296100616455078e+00
-1.258862257003784180e+00
-1.350122570991516113e+00
-1.327801227569580078e+00
-1.236673355102539062e+00
-1.401397705078125000e+00
-1.371103048324584961e+00
-1.267585754394531250e+00
-6.946160793304443359e-01
-1.293727397918701172e+00
-8.457465171813964844e-01
-1.378374099731445312e+00
-1.395300507545471191e+00
-1.240554928779602051e+00
-1.273083329200744629e+00
-1.283738851547241211e+00
-1.439081907272338867e+00
-1.301715850830078125e+00
-1.324251890182495117e+00
-1.302748084068298340e+00
-6.443476080894470215e-01
-1.297960281372070312e+00
-1.394274711608886719e+00
-1.387921690940856934e+00
-1.301763057708740234e+00
-1.253627657890319824e+00
-1.261321663856506348e+00
-1.274416923522949219e+00
-1.288824915885925293e+00
-1.254204392433166504e+00
-1.224388599395751953e+00
-1.322991728782653809e+00
-1.273273348808288574e+00
-1.276462316513061523e+00
-1.266158819198608398e+00
-1.284809470176696777e+00
-1.463263511657714844e+00
-1.320719480514526367e+00
-1.358826518058776855e+00
-1.274354577064514160e+00
-1.240443825721740723e+00
-1.254962921142578125e+00
-1.280852913856506348e+00
-1.387894749641418457e+00
-1.270054817199707031e+00
-1.297363519668579102e+00
-1.531098127365112305e+00
-1.280039429664611816e+00
-1.274950623512268066e+00
-1.290789604187011719e+00
-1.254922509193420410e+00
-1.269923090934753418e+00
-1.242737054824829102e+00
-1.429711580276489258e+00
-1.500872135162353516e+00
-1.397433400154113770e+00
-1.338246226310729980e+00
-1.315114855766296387e+00
-1.298141956329345703e+00
-1.317142009735107422e+00
-1.288825035095214844e+00
-1.262150406837463379e+00
-1.253542900085449219e+00
-1.272926449775695801e+00
-1.491758108139038086e+00
-1.283208370208740234e+00
-1.273385047912597656e+00
-1.378635287284851074e+00
-1.375614047050476074e+00
-1.339844465255737305e+00
-1.288904428482055664e+00
-1.461315870285034180e+00
-1.241176605224609375e+00
-1.259594917297363281e+00
-1.319548964500427246e+00
-1.279594421386718750e+00
-1.016851544380187988e+00
-1.405994057655334473e+00
-1.282771825790405273e+00
-1.271733522415161133e+00
-1.286795496940612793e+00
-1.253558874130249023e+00
-1.355546832084655762e+00
-1.413449048995971680e+00
-1.263022065162658691e+00
-1.319585204124450684e+00
-1.286972045898437500e+00
-1.270646452903747559e+00
-1.285651564598083496e+00
-1.312539935111999512e+00
-1.930819511413574219e+00
-1.264230489730834961e+00
-2.533051073551177979e-01
-6.694456934928894043e-01
-1.434302687644958496e+00
-1.256026744842529297e+00
-1.388082981109619141e+00
