2.287901472300291061e-03
5.946647003293037415e-02
1.068272860720753670e-03
2.077185362577438354e-02
9.744192473590373993e-03
9.993349201977252960e-03
-5.340175703167915344e-03
1.254584291018545628e-03
5.593289434909820557e-02
1.194871496409177780e-03
9.392066858708858490e-03
-9.194226935505867004e-03
7.769887801259756088e-03
-1.347220531897619367e-04
-4.610885865986347198e-03
-6.157633848488330841e-03
-2.951463102363049984e-04
-3.722627460956573486e-02
-5.387509590946137905e-04
-4.710134863853454590e-02
6.658420898020267487e-04
2.432694425806403160e-03
-4.905790090560913086e-03
2.241827547550201416e-03
6.767100188881158829e-03
9.912981651723384857e-03
6.877476349472999573e-03
6.663482636213302612e-02
-2.040282078087329865e-02
-8.862337097525596619e-03
3.939734306186437607e-03
-8.197969291359186172e-04
6.018272601068019867e-03
1.884821249404922128e-04
1.816162024624645710e-03
-5.739593412727117538e-03
1.183780748397111893e-02
1.083416938781738281e-01
-2.890696749091148376e-03
4.771477542817592621e-03
1.431750226765871048e-02
8.932338096201419830e-05
-9.487351030111312866e-02
3.057826124131679535e-02
1.023363787680864334e-02
6.331736221909523010e-03
1.496917568147182465e-02
1.181408879347145557e-03
2.310540154576301575e-02
5.718737957067787647e-04
1.245168410241603851e-02
7.566322106868028641e-03
1.345741283148527145e-02
5.774046108126640320e-02
-5.229263566434383392e-03
5.543257668614387512e-02
7.321840617805719376e-03
-7.503609638661146164e-03
1.581451389938592911e-03
1.190486084669828415e-02
-4.225961863994598389e-03
1.070782393217086792e-01
4.122160375118255615e-01
2.907197340391576290e-04
7.283780258148908615e-03
6.425951607525348663e-03
9.663006290793418884e-03
9.926685132086277008e-03
9.765258058905601501e-03
-9.569036774337291718e-04
2.558870706707239151e-03
-3.358834236860275269e-02
-1.028115302324295044e-02
5.640031769871711731e-03
-3.996553644537925720e-02
7.987872697412967682e-03
-7.230963557958602905e-03
2.214981615543365479e-01
1.794226118363440037e-03
-1.505549007561057806e-04
2.029363065958023071e-02
1.236395793966948986e-03
1.439739298075437546e-02
1.715158484876155853e-02
-9.493467397987842560e-03
2.532776072621345520e-02
6.714990828186273575e-03
1.693857014179229736e-01
1.638914836803451180e-04
8.413254283368587494e-03
1.987069100141525269e-02
-1.043393369764089584e-02
-2.171858912333846092e-03
-8.450977620668709278e-04
-5.453067366033792496e-03
-1.243917364627122879e-02
5.195437930524349213e-03
-6.113409530371427536e-03
-5.656742490828037262e-03
-6.853659171611070633e-03
-4.079581238329410553e-03
1.231807749718427658e-02
1.175681408494710922e-02
4.102055914700031281e-03
7.567812688648700714e-03
6.952274125069379807e-03
4.699420824181288481e-04
-6.855108309537172318e-03
7.815819233655929565e-03
-3.640948235988616943e-02
-2.179962024092674255e-02
-6.312045268714427948e-03
-9.481376409530639648e-02
6.715328898280858994e-03
-1.464522909373044968e-02
-7.725779712200164795e-02
-1.289918925613164902e-02
8.331651799380779266e-03
-1.098373811691999435e-02
-4.141652025282382965e-03
-1.681107655167579651e-02
-4.829148761928081512e-03
3.030583262443542480e-03
5.583038087934255600e-03
-5.905379541218280792e-03
1.081798505038022995e-02
2.223866904387250543e-04
-9.002481587231159210e-03
1.892612897790968418e-03
1.407689414918422699e-03
-1.404028618708252907e-03
-3.484212094917893410e-03
-1.078497851267457008e-03
6.098436657339334488e-03
1.164412871003150940e-02
6.283465772867202759e-03
-1.927422708831727505e-03
-1.250120252370834351e-02
-7.192221819423139095e-04
8.605425246059894562e-04
1.870313584804534912e-01
3.761860309168696404e-03
3.674736944958567619e-04
3.255922347307205200e-02
-3.602390177547931671e-03
4.355883691459894180e-03
6.274670595303177834e-04
-2.834012545645236969e-02
5.001385230571031570e-03
-6.270335614681243896e-02
1.814226037822663784e-03
-1.236089970916509628e-03
-2.444456797093153000e-03
-1.611200533807277679e-02
-5.037919431924819946e-02
1.529721729457378387e-02
-1.124995574355125427e-02
-1.315618492662906647e-02
9.488207288086414337e-04
4.344191867858171463e-03
-8.651792071759700775e-03
5.569954868406057358e-03
6.773613393306732178e-03
-1.111759775085374713e-05
-4.104904830455780029e-02
8.405668660998344421e-03
-1.898072077892720699e-03
-3.351407125592231750e-03
1.204976695589721203e-03
-8.271261118352413177e-03
-1.199586782604455948e-03
2.847933908924460411e-03
-4.687620792537927628e-03
-5.686667747795581818e-03
-3.898152615875005722e-03
5.507428664714097977e-03
2.031481824815273285e-02
5.862602498382329941e-03
-3.862969810143113136e-03
5.137527361512184143e-03
-1.184491161257028580e-02
-2.152092638425529003e-04
-5.562901496887207031e-02
-1.440898030996322632e-01
1.059756800532341003e-02
8.835515007376670837e-03
-5.015254952013492584e-03
2.378095127642154694e-02
-2.813376719132065773e-03
-1.806800835765898228e-03
-2.907115849666297436e-04
6.707360153086483479e-04
1.739664934575557709e-02
-3.562945500016212463e-02
-3.007718361914157867e-03
1.730023534037172794e-03
3.425288712605834007e-03
-3.338261973112821579e-03
2.447041915729641914e-03
1.030260580591857433e-03
-6.461066077463328838e-04
4.153322428464889526e-03
-1.224787533283233643e-01
6.137444172054529190e-03
1.799929537810385227e-03
-8.324567973613739014e-02
-4.427566193044185638e-03
-7.916936278343200684e-02
-1.385550051927566528e-01
1.922006346285343170e-02
-5.471149925142526627e-03
1.734064519405364990e-02
1.397692365571856499e-03
1.087108347564935684e-02
8.859097957611083984e-03
-2.773509186226874590e-04
-5.794669850729405880e-04
4.487669561058282852e-03
-9.884231258183717728e-04
-1.264377124607563019e-02
-1.760830171406269073e-02
-1.437764987349510193e-02
8.723208308219909668e-02
3.041730728000402451e-03
1.835678219795227051e-01
6.018654908984899521e-03
7.075088471174240112e-02
-6.352439057081937790e-03
-2.697277814149856567e-02
-2.327176034450531006e-01
-1.185513380914926529e-02
-1.684256456792354584e-02
-1.058404892683029175e-02
7.735170889645814896e-03
1.418269425630569458e-02
-8.962048590183258057e-02
-1.244922727346420288e-01
1.348638441413640976e-02
-2.002757042646408081e-03
-8.385039982385933399e-04
-6.560803856700658798e-03
-2.753357402980327606e-03
-4.774322267621755600e-03
-1.884107128717005253e-03
3.448681905865669250e-02
-3.538405289873480797e-03
-3.617656603455543518e-02
1.906513050198554993e-02
7.926804246380925179e-04
2.025376306846737862e-03
2.829888369888067245e-03
-2.203139010816812515e-03
6.524293683469295502e-03
1.017544977366924286e-02
-7.532886695116758347e-03
-2.096298150718212128e-02
-2.821496129035949707e-02
-1.431315438821911812e-03
4.826859571039676666e-03
3.538459073752164841e-03
1.951669454574584961e-01
1.101534068584442139e-02
-1.615357585251331329e-02
-1.512373425066471100e-02
-2.319845836609601974e-03
-1.135854888707399368e-02
6.087049841880798340e-02
2.193341642851009965e-04
8.179391734302043915e-03
3.707821294665336609e-02
2.580197062343358994e-03
1.194710377603769302e-03
-7.555248588323593140e-02
-2.183080650866031647e-02
-5.341459065675735474e-03
1.020666491240262985e-02
-4.286868963390588760e-03
3.376118838787078857e-03
2.977243624627590179e-02
-3.981162328273057938e-03
8.311998099088668823e-04
8.424750994890928268e-04
-5.513933720067143440e-04
-1.244897954165935516e-02
2.054345458745956421e-01
1.684385002590715885e-03
2.055353950709104538e-03
-1.813281676732003689e-03
2.853104844689369202e-03
-1.101769972592592239e-02
1.255298033356666565e-02
-9.139805100858211517e-03
2.286517992615699768e-03
2.179087139666080475e-03
-9.595140814781188965e-03
1.253005815669894218e-03
-4.904482979327440262e-03
1.299903541803359985e-02
8.490206301212310791e-02
-3.103675879538059235e-02
-7.326887920498847961e-03
-1.469359993934631348e-01
-1.024832949042320251e-02
2.390245208516716957e-03
7.008336484432220459e-03
-1.842934079468250275e-02
-1.373045612126588821e-02
-6.361295469105243683e-03
1.593658467754721642e-03
1.340341521427035332e-03
-1.741154468618333340e-03
5.434354767203330994e-03
-2.062825299799442291e-02
2.033918946981430054e-01
-2.854166552424430847e-03
-3.748218063265085220e-03
-2.014579065144062042e-02
-7.642252836376428604e-03
5.385923385620117188e-01
1.037310585379600525e-01
-1.216620672494173050e-02
8.020266890525817871e-03
-1.086780615150928497e-02
-1.030028425157070160e-02
2.787130419164896011e-03
-7.652888074517250061e-03
2.217863351106643677e-01
-7.284823805093765259e-02
-1.369582209736108780e-02
5.407366435974836349e-03
-1.795888133347034454e-02
7.042101118713617325e-03
1.730282790958881378e-03
-6.010415032505989075e-03
5.058276932686567307e-03
9.206534596160054207e-04
6.028306670486927032e-03
-9.373160079121589661e-03
6.495702080428600311e-03
-1.770298480987548828e-01
4.040710628032684326e-03
-5.057505797594785690e-03
-3.104060888290405273e-02
-2.057225070893764496e-02
-2.224944345653057098e-02
-2.600607695057988167e-03
-2.766747772693634033e-02
-9.460212662816047668e-03
3.255223622545599937e-03
2.007048390805721283e-02
-8.405931293964385986e-03
7.594746071845293045e-03
-1.021620351821184158e-03
-8.731905254535377026e-04
2.541577629745006561e-02
-2.713768370449542999e-02
1.291924854740500450e-04
-5.812203511595726013e-03
3.439476713538169861e-03
4.023978486657142639e-03
-7.911064475774765015e-02
-3.455321711953729391e-04
7.919215597212314606e-03
-7.283024489879608154e-03
1.220731809735298157e-02
8.324731141328811646e-03
6.806456018239259720e-03
4.605051130056381226e-03
-3.405602648854255676e-03
-8.780065923929214478e-03
-5.264127627015113831e-03
4.850581288337707520e-03
1.093891635537147522e-01
8.444934152066707611e-03
-1.205937117338180542e-01
-1.377409091219305992e-03
-2.748755551874637604e-02
6.416456401348114014e-02
1.034866552799940109e-03
1.393206883221864700e-02
5.813253577798604965e-03
1.940529793500900269e-02
1.142286695539951324e-02
7.313826680183410645e-02
3.347979160025715828e-03
2.155964076519012451e-01
-1.171689387410879135e-02
7.534445729106664658e-03
1.422310830093920231e-03
-3.077576868236064911e-03
5.323925055563449860e-03
4.871546290814876556e-03
-1.172795593738555908e-01
-1.064950134605169296e-02
8.199630305171012878e-03
-2.023748494684696198e-02
1.020786166191101074e-01
-2.223689109086990356e-02
-3.291484201326966286e-03
1.610967097803950310e-03
