-1.606929302215576172e-02
2.616113051772117615e-04
3.421030472964048386e-03
-5.229971930384635925e-02
-1.485707471147179604e-03
9.045051410794258118e-04
-5.567372427321970463e-04
-6.316441576927900314e-04
6.258653476834297180e-03
-2.254973631352186203e-03
8.508295868523418903e-04
2.485732547938823700e-04
-3.056417335756123066e-04
-3.086147364228963852e-03
6.688529392704367638e-04
-1.518075936473906040e-03
1.281006378121674061e-03
3.695038903970271349e-04
2.271194709464907646e-03
-7.214554352685809135e-04
2.069143811240792274e-03
-2.008288865908980370e-03
-9.897759882733225822e-04
1.178626989712938666e-04
1.517660683020949364e-03
-4.748582467436790466e-02
-1.926503144204616547e-03
-1.427146955393254757e-03
4.488439299166202545e-04
-1.970657613128423691e-03
1.138855470344424248e-03
1.118641594075597823e-04
1.299579860642552376e-03
2.233944367617368698e-03
-7.420336478389799595e-04
-5.790240131318569183e-03
3.164695343002676964e-03
-1.494835363700985909e-03
-7.881589699536561966e-04
7.394015847239643335e-05
6.722526159137487411e-04
1.902655349113047123e-03
6.381580606102943420e-04
1.067053759470582008e-03
9.417241089977324009e-04
-1.442482694983482361e-02
8.771110879024490714e-05
-2.059499092865735292e-04
7.867514505051076412e-04
4.980920348316431046e-04
-8.046597358770668507e-04
-9.805426234379410744e-04
2.949544868897646666e-04
-1.849153488874435425e-01
-2.936522650998085737e-04
1.299702972173690796e-01
-1.248003100045025349e-04
-2.090374566614627838e-02
-7.641101547051221132e-05
8.465795777738094330e-03
2.213540428783744574e-04
-6.733562331646680832e-04
2.023268956691026688e-03
3.233918105252087116e-04
9.214249075739644468e-06
5.022358149290084839e-03
-2.107102051377296448e-02
3.066106874030083418e-04
-1.348408404737710953e-04
-2.092531416565179825e-03
-3.244426916353404522e-04
-1.717688329517841339e-02
1.965887378901243210e-03
1.169962342828512192e-03
1.204529544338583946e-03
5.879469972569495440e-05
-2.108274027705192566e-03
2.203457188443280756e-05
1.351712038740515709e-03
-1.048227190040051937e-03
-5.253851413726806641e-02
1.905022412538528442e-01
-2.344764210283756256e-02
1.658923625946044922e-01
-9.791023330762982368e-04
1.452847151085734367e-03
-3.490163479000329971e-03
-1.917842164402827621e-04
9.340316755697131157e-04
5.115609150379896164e-03
1.821180107071995735e-03
-5.598939023911952972e-04
-7.356891874223947525e-04
1.568849682807922363e-01
-7.176151848398149014e-05
-1.738896220922470093e-01
9.653995744884014130e-03
2.370010316371917725e-02
-1.750968978740274906e-03
3.526494139805436134e-03
5.138238775543868542e-04
2.236445201560854912e-03
-3.525967011228203773e-03
-4.238269757479429245e-03
-6.425361789297312498e-07
-1.949232071638107300e-02
1.855573966167867184e-03
-5.178278079256415367e-04
2.105646126437932253e-04
-7.949188584461808205e-04
-3.938300505978986621e-05
-3.134216181933879852e-03
1.664721989072859287e-03
1.563971512950956821e-03
1.907136058434844017e-03
7.089346763677895069e-04
1.230525813298299909e-04
1.937505090609192848e-03
2.020828891545534134e-03
1.771543757058680058e-03
-2.168367654085159302e-01
7.966489647515118122e-06
1.705861883237957954e-03
1.207816647365689278e-03
1.657631946727633476e-03
-2.914337441325187683e-02
-2.801416208967566490e-03
-7.793220574967563152e-04
1.589767448604106903e-02
1.544281374663114548e-02
-2.311538718640804291e-02
1.728818824631161988e-05
2.418965566903352737e-03
-1.019745948724448681e-03
2.513961633667349815e-03
8.939880353864282370e-05
1.270736334845423698e-03
7.310350192710757256e-04
3.854579990729689598e-03
-2.101238118484616280e-03
-7.107805577106773853e-04
-4.293328674975782633e-04
6.950261304154992104e-04
-2.165776444599032402e-03
-9.732584469020366669e-03
1.247955719009041786e-03
4.235710203647613525e-02
6.352926138788461685e-04
1.741452288115397096e-04
1.059864647686481476e-03
1.323384419083595276e-02
-1.598721719346940517e-03
-1.490701222792267799e-03
7.138163200579583645e-04
8.463200647383928299e-04
7.540246588177978992e-04
1.322964439168572426e-03
4.053515382111072540e-03
-5.793376112706027925e-05
-1.363622373901307583e-03
6.139082834124565125e-04
-4.871623968938365579e-05
-7.487049442715942860e-04
-6.913854926824569702e-02
1.142858411185443401e-03
-4.494276363402605057e-03
2.404028549790382385e-03
1.091559417545795441e-03
2.313185483217239380e-03
6.801908835768699646e-03
1.027224643621593714e-04
-6.584094953723251820e-04
-4.852052661590278149e-04
-2.941200137138366699e-02
5.091439234092831612e-04
-1.458054631948471069e-01
5.019349046051502228e-04
-1.109623536467552185e-02
-7.341981399804353714e-04
8.669978706166148186e-04
8.009402663446962833e-04
3.075566142797470093e-03
9.231420117430388927e-04
1.799686579033732414e-04
1.825433355406858027e-05
5.650487946695648134e-05
-1.161136897280812263e-03
3.516707802191376686e-04
-1.903916299343109131e-01
-1.841519144363701344e-03
6.336305523291230202e-04
2.309825867414474487e-01
-5.092055071145296097e-04
-2.244051545858383179e-01
-1.953392347786575556e-04
1.212194096297025681e-03
-1.355552971363067627e-01
7.588128745555877686e-02
7.910691783763468266e-04
2.037717495113611221e-04
1.047334284521639347e-03
-2.140606986358761787e-03
-1.200436148792505264e-03
-1.879600109532475471e-03
-6.167524959892034531e-03
-1.915119501063600183e-04
1.201782259158790112e-03
-1.198632642626762390e-03
-1.214783266186714172e-02
3.557186282705515623e-04
1.606084033846855164e-02
-1.556053459644317627e-01
2.310037845745682716e-03
-1.016836846247315407e-03
-1.262809499166905880e-03
7.807466317899525166e-04
-3.290440887212753296e-03
2.761328651104122400e-04
-2.005736809223890305e-03
1.273842528462409973e-03
-3.227189008612185717e-04
5.818990757688879967e-04
1.492529511451721191e-01
3.637216612696647644e-02
1.082053058780729771e-03
3.008945146575570107e-03
2.474372275173664093e-03
-6.692246533930301666e-04
-1.794242858886718750e-01
1.958933426067233086e-03
-6.213102024048566818e-04
6.065063178539276123e-02
-8.050957322120666504e-02
2.863663248717784882e-03
-1.868087681941688061e-03
6.776612717658281326e-03
-1.872679858934134245e-04
7.326861470937728882e-02
-1.096960995346307755e-02
-5.006549414247274399e-03
7.739841938018798828e-02
9.041997045278549194e-02
-2.866512164473533630e-03
6.675049662590026855e-04
-2.639147639274597168e-02
3.917542344424873590e-04
4.837007436435669661e-04
-1.613791733980178833e-01
-3.762500360608100891e-03
-1.734849065542221069e-03
2.875374630093574524e-02
-1.722053391858935356e-03
1.093978062272071838e-03
7.533003808930516243e-04
6.081542815081775188e-04
2.629576018080115318e-03
-1.530124843120574951e-01
-1.465875357389450073e-01
4.401554178912192583e-06
1.545291277579963207e-03
-2.738885232247412205e-04
-2.114196773618459702e-03
-6.738745723851025105e-04
5.482428241521120071e-04
-2.590040490031242371e-02
-2.763397293165326118e-03
-1.643387135118246078e-03
1.412519719451665878e-03
-1.087778946384787560e-03
-3.962555825710296631e-01
7.739031314849853516e-02
8.632536628283560276e-04
-2.198067493736743927e-02
-1.408466370776295662e-03
-2.097286982461810112e-03
1.616388472029939294e-04
-1.005380647256970406e-03
-1.405576826073229313e-03
-2.628472167998552322e-03
-1.049925480037927628e-02
-1.053247135132551193e-03
7.103065145201981068e-04
-7.363616605289280415e-04
-1.789202447980642319e-03
-1.194303549709729850e-04
-4.690555215347558260e-04
1.601370633579790592e-03
-1.318530412390828133e-03
-3.426304610911756754e-04
1.057452289387583733e-03
6.026084423065185547e-01
-7.112124003469944000e-04
-1.566501334309577942e-03
-7.621136028319597244e-04
9.933199180522933602e-05
-1.149032032117247581e-03
-1.419365871697664261e-03
1.675129518844187260e-03
8.939018589444458485e-04
-4.569384909700602293e-04
7.664574659429490566e-04
8.978540427051484585e-04
-1.107651274651288986e-03
1.227567408932372928e-04
5.501811392605304718e-03
1.231461414135992527e-03
-6.527786143124103546e-03
-2.939272380899637938e-04
-3.343200543895363808e-03
1.430509146302938461e-03
-1.519267912954092026e-03
-1.439998000860214233e-01
2.874637255445122719e-03
-1.288181543350219727e-01
1.996193313971161842e-03
9.043660946190357208e-03
-2.215938293375074863e-04
-1.503207953646779060e-03
-2.370340749621391296e-03
-2.397502539679408073e-03
-1.502201659604907036e-03
-2.980219945311546326e-02
2.217008266597986221e-03
-1.857392936944961548e-01
7.684619631618261337e-04
-7.610376924276351929e-02
1.300552394241094589e-03
2.611437230370938778e-04
-3.850471330224536359e-05
1.009628875181078911e-03
-4.654052201658487320e-03
-1.859582611359655857e-03
-4.157120565650984645e-05
-6.697924435138702393e-02
1.314203953370451927e-03
2.962541067972779274e-03
-2.955943578854203224e-03
3.250468987971544266e-03
7.179336971603333950e-04
1.789790019392967224e-02
1.309441053308546543e-03
3.159028477966785431e-03
1.972222002223134041e-03
-1.037750393152236938e-01
3.482709580566734076e-04
-3.990501863881945610e-04
2.317347750067710876e-02
-4.236506647430360317e-04
1.800697937142103910e-04
-2.299178391695022583e-03
-4.876750754192471504e-04
2.662281040102243423e-03
6.032732198946177959e-05
1.143703935667872429e-03
-1.094732666388154030e-03
-1.698136213235557079e-03
6.734307971782982349e-04
-7.233478128910064697e-02
5.773139651864767075e-03
3.404373273951932788e-05
-9.785897564142942429e-04
-8.853430699673481286e-06
-1.475306111387908459e-03
1.652088976697996259e-04
-2.320498926565051079e-03
-1.881571137346327305e-03
1.650319434702396393e-03
4.562642890959978104e-03
-7.461928180418908596e-04
7.951311999931931496e-04
-8.888910710811614990e-02
2.599852625280618668e-03
-6.424541352316737175e-04
-4.273480153642594814e-04
-2.830484881997108459e-03
9.183770744130015373e-04
2.099548146361485124e-04
-2.295335009694099426e-02
1.734977704472839832e-03
9.971487522125244141e-02
1.999987056478857994e-03
1.284508267417550087e-03
-5.980426445603370667e-03
1.688799355179071426e-03
-8.780321804806590080e-04
-4.167222941759973764e-04
7.959307986311614513e-04
-7.102736853994429111e-04
9.724919218569993973e-04
1.733932062052190304e-03
-1.566036720760166645e-03
8.038260275498032570e-04
2.618073299527168274e-02
1.359140314161777496e-02
-6.397042307071387768e-04
2.053509205579757690e-01
1.245864853262901306e-01
-2.685127547010779381e-03
-9.499720763415098190e-04
2.668869448825716972e-03
