19.2
19.1
21.1
22.8
19.0
13.2
11.3
12.2
12.6
13.5
13.7
16.2
20.5
21.1
22.3
17.7
14.3
12.6
18.0
17.0
20.7
17.5
15.5
13.6
13.9
16.1
19.9
19.1
18.3
17.7
15.2
13.7
16.9
18.8
22.2
16.3
16.6
21.7
22.1
23.6
22.9
21.3
22.0
22.5
12.8
13.1
15.4
12.5
11.3
10.9
9.5
13.0
16.0
18.4
20.5
18.4
20.0
20.8
21.5
22.4
22.0
17.0
12.6
13.5
15.4
18.4
19.0
19.7
21.3
22.9
17.7
17.4
18.9
18.9
18.6
18.4
19.4
18.2
16.1
18.9
20.3
21.7
22.9
21.2
22.1
17.7
12.9
13.0
13.4
15.5
19.4
18.1
18.5
19.2
18.4
18.0
18.0
18.9
19.1
16.5
15.6
16.5
18.3
18.3
20.9
22.0
21.6
19.0
21.0
11.9
11.7
13.6
15.2
16.5
14.9
15.1
15.8
18.5
19.5
20.6
22.7
21.3
18.2
18.6
18.5
13.3
10.5
10.5
12.0
13.6
15.0
15.7
17.5
18.7
16.7
14.5
12.5
15.7
15.7
14.3
11.5
11.0
10.6
10.5
14.6
16.7
14.0
13.2
15.8
12.1
10.5
7.3
5.0
10.7
6.4
6.0
9.0
10.6
14.2
10.0
5.9
8.1
9.4
10.6
12.5
15.3
14.0
16.8
19.1
15.3
7.2
2.4
2.4
6.2
10.6
12.6
11.8
9.6
11.8
17.2
11.3
14.9
17.9
20.0
21.9
23.5
22.6
19.3
13.9
14.9
13.1
11.3
13.5
12.0
14.7
15.7
19.5
21.0
18.3
16.6
13.1
15.2
16.1
16.1
20.0
22.3
17.9
20.3
22.4
25.2
25.6
27.3
29.7
30.5
29.2
25.4
22.6
17.4
17.5
15.6
20.7
23.9
24.9
23.5
20.8
21.6
22.4
24.6
24.3
19.6
14.8
13.5
16.7
16.1
17.6
13.5
18.5
19.2
19.7
19.4
20.0
21.6
23.4
23.6
25.0
23.6
19.8
22.4
23.2
24.1
19.1
16.3
15.2
19.3
19.9
19.8
18.1
23.1
24.7
23.3
18.7
14.9
16.7
17.4
16.1
15.8
12.6
9.1
12.4
15.5
17.4
17.2
17.0
18.9
17.5
12.5
9.8
12.7
13.7
17.3
18.4
17.5
16.2
18.2
16.6
15.2
15.2
12.4
12.8
14.4
11.4
9.1
9.6
11.6
9.6
10.7
13.5
13.4
9.5
12.3
13.8
15.7
15.5
13.2
10.5
12.6
15.6
19.7
21.7
20.5
13.9
13.7
19.7
13.1
7.3
8.4
9.3
7.5
8.9
12.1
14.2
18.4
18.3
17.7
12.5
4.7
4.6
6.1
7.6
12.0
14.5
15.1
12.1
11.5
12.6
9.5
13.2
16.4
15.7
16.9
19.5
18.9
22.5
22.6
20.7
15.1
14.9
11.7
13.7
16.1
14.6
13.5
12.2
13.2
16.2
17.4
18.8
17.3
18.0
17.4
15.4
16.3
18.9
20.9
21.2
20.7
18.5
18.7
19.1
18.8
16.6
16.2
15.9
17.0
17.3
16.9
15.5
17.2
19.0
18.0
17.1
16.5
17.8
17.1
19.5
20.8
18.9
19.1
20.7
18.5
20.0
20.4
20.5
20.3
19.4
21.0
16.9
14.5
16.9
18.7
17.4
18.3
19.1
20.3
19.5
18.2
17.5
16.9
18.5
18.0
20.3
19.8
20.6
20.3
18.0
15.4
15.8
18.0
18.1
13.4
13.0
15.2
14.9
15.5
15.0
10.8
12.9
17.1
19.3
16.5
11.7
9.8
7.7
11.1
10.8
12.1
11.3
12.8
14.8
7.4
7.9
12.5
16.4
16.9
16.9
15.4
11.5
9.8
8.2
9.1
10.4
10.0
10.9
9.8
14.8
11.8
8.1
9.7
10.5
1.2
3.4
2.0
1.4
3.6
8.0
8.0
9.6
13.2
14.9
14.9
18.8
13.6
12.1
8.7
10.4
12.4
11.2
11.5
12.6
13.2
15.6
16.3
12.6
13.3
14.4
17.3
19.5
21.7
16.8
15.4
19.8
18.0
15.3
12.4
12.3
10.2
5.7
8.7
10.0
12.7
16.2
21.4
19.4
16.1
16.5
17.5
19.5
17.6
9.9
11.2
13.7
14.8
15.5
13.0
13.9
13.8
14.7
16.4
13.2
17.0
12.0
12.2
13.2
13.2
13.7
15.8
15.7
15.7
13.3
14.4
16.2
20.0
19.4
18.5
16.8
16.1
16.9
13.4
13.9
17.1
18.9
20.9
22.5
18.3
16.6
19.8
17.1
16.6
17.7
17.3
17.2
18.7
20.7
16.8
17.7
19.5
15.4
16.3
19.8
13.9
13.4
13.8
15.1
16.2
17.5
19.4
13.4
11.9
12.1
13.2
17.3
20.5
17.1
14.7
15.1
14.8
13.0
14.1
14.5
12.4
12.2
11.7
12.4
15.5
17.0
18.0
16.3
16.0
16.4
11.3
10.9
9.5
10.8
13.7
14.9
13.5
14.5
14.0
12.7
11.0
12.2
13.1
13.1
16.3
12.1
11.1
10.7
7.3
1.5
1.7
1.7
1.5
8.7
9.0
12.2
16.6
20.7
17.1
9.8
11.9
13.6
15.3
16.9
15.1
7.2
6.5
8.3
7.6
7.5
11.4
12.9
15.2
17.3
19.7
22.5
12.0
12.7
15.5
18.2
15.2
15.8
19.5
21.1
19.8
14.4
17.7
17.1
16.2
18.4
21.6
23.1
13.5
11.9
11.9
18.2
16.3
14.1
15.2
14.9
15.4
15.7
15.8
16.1
13.6
11.5
15.0
16.4
19.9
21.6
14.4
13.6
16.6
20.5
18.9
20.6
18.6
18.5
19.9
21.3
23.0
21.8
22.2
18.3
15.6
17.3
19.6
19.3
23.0
15.5
13.3
15.2
17.1
18.0
15.0
19.6
17.5
11.4
17.5
20.6
20.8
18.2
20.1
19.5
16.7
13.6
15.7
18.8
15.7
14.4
17.3
14.7
15.8
18.5
19.3
18.5
20.8
19.4
16.0
16.3
17.3
18.2
17.1
14.5
13.7
15.4
20.1
21.4
17.4
14.8
16.4
19.5
19.6
19.4
18.2
17.0
15.3
16.5
14.7
13.5
16.8
17.9
20.7
18.3
15.6
14.5
18.1
13.6
8.7
7.8
6.5
8.5
9.8
10.4
5.0
4.8
3.7
4.9
8.0
10.9
14.3
14.4
15.5
16.0
15.4
12.0
4.9
7.7
6.3
7.7
11.3
10.0
7.5
11.2
14.8
18.1
15.3
13.5
13.7
16.0
12.2
9.5
6.7
7.9
6.7
7.1
9.7
9.7
8.6
10.3
12.6
11.9
14.9
16.6
13.9
12.1
12.3
14.3
15.3
12.2
13.0
14.3
14.6
14.2
7.0
10.4
15.5
15.9
11.6
15.6
16.5
13.2
11.7
9.4
9.4
12.2
15.7
16.9
18.1
20.2
16.4
14.8
18.3
15.4
15.4
18.1
17.8
17.7
17.6
15.4
17.8
19.6
20.3
21.0
24.9
25.8
27.3
24.1
19.2
17.8
18.6
20.7
24.4
26.3
26.8
25.3
24.7
26.7
26.8
23.9
20.6
13.1
14.4
16.9
20.3
20.1
19.4
20.8
20.5
20.8
21.2
18.4
16.0
15.7
16.0
16.8
18.3
20.0
21.3
21.7
20.3
19.5
18.8
16.7
17.0
18.3
20.5
21.2
18.3
15.2
20.2
16.8
16.2
18.9
16.2
13.3
16.0
15.8
18.0
20.8
22.1
19.2
15.7
16.5
20.4
20.8
21.4
16.3
12.5
13.5
11.6
13.1
12.8
13.0
13.5
15.1
14.7
11.8
9.6
10.1
13.3
14.3
17.6
18.6
12.4
13.6
11.0
8.1
7.7
9.0
6.8
6.1
10.7
9.0
0.6
4.4
6.7
10.5
10.1
9.8
11.3
11.6
12.0
13.3
9.7
6.9
11.4
14.0
16.4
17.8
18.8
19.7
20.5
19.8
19.1
18.2
10.9
11.1
13.6
15.4
14.0
12.7
17.0
16.6
17.5
20.9
21.2
19.9
18.0
18.0
17.7
13.2
10.4
11.4
13.9
15.9
13.2
15.4
15.7
12.9
14.7
16.6
17.6
20.0
22.3
23.2
24.2
25.3
18.7
17.7
20.1
22.9
22.5
17.6
15.3
17.3
16.0
21.9
25.8
24.0
23.6
22.1
20.8
20.0
20.0
14.1
16.0
19.9
19.8
21.2
17.9
14.7
15.3
18.7
16.2
15.9
17.5
18.3
17.4
19.2
21.6
18.4
20.6
23.1
18.5
15.3
15.8
17.7
21.0
21.5
21.7
22.4
23.2
23.0
18.4
12.1
12.3
13.8
15.5
19.7
16.1
10.4
11.7
15.8
16.7
17.8
17.3
19.4
20.8
19.8
17.7
16.3
14.3
13.7
10.1
8.4
9.9
7.0
9.8
11.0
12.2
15.3
18.9
17.1
11.6
8.8
7.0
7.6
8.6
11.9
13.6
9.7
6.4
7.0
9.1
12.3
11.1
10.1
5.4
8.2
11.1
13.5
9.9
9.0
8.2
12.9
14.6
12.7
8.5
5.5
4.0
2.9
11.3
12.8
12.5
11.0
13.4
15.4
11.8
8.9
6.6
7.2
8.7
12.2
15.1
13.6
13.9
14.2
16.5
14.5
11.2
12.6
13.1
14.2
15.7
19.2
18.9
17.9
12.1
13.7
15.9
17.1
19.0
17.7
14.3
16.1
13.0
14.6
16.7
16.6
17.1
16.9
16.5
17.1
15.7
12.3
12.8
16.0
18.2
15.9
17.0
16.0
17.7
16.2
12.1
14.5
16.1
14.1
16.1
18.1
18.6
18.1
18.8
20.1
23.5
18.0
19.9
23.2
22.7
20.3
21.8
20.7
18.9
21.0
18.6
19.1
20.7
18.3
20.2
22.9
24.7
23.3
21.7
18.3
19.2
17.0
16.5
15.8
13.7
17.0
22.6
19.6
17.8
20.9
22.0
21.7
24.1
20.5
21.4
21.4
20.9
22.3
24.7
23.5
20.6
20.7
21.4
21.5
22.6
22.8
16.7
17.2
19.1
22.8
23.7
19.8
21.3
23.2
22.5
16.6
14.4
13.8
11.8
11.8
15.1
18.5
15.1
14.7
14.5
15.6
14.8
11.8
11.5
9.4
9.8
11.6
13.7
12.5
13.5
13.5
18.9
18.1
16.8
14.2
14.2
10.2
11.4
11.4
5.6
10.2
14.4
13.6
9.5
6.9
4.2
7.3
8.7
9.4
6.6
10.7
16.3
17.2
12.6
12.8
14.1
6.9
4.1
8.9
15.5
16.9
12.7
10.9
13.3
15.5
18.6
18.9
15.2
16.1
12.9
11.5
13.6
12.0
8.5
11.2
14.8
16.3
18.3
20.3
19.1
15.4
14.1
15.3
12.6
12.9
15.6
18.2
15.7
20.0
20.5
17.5
18.9
17.3
15.0
14.0
15.7
14.4
14.8
14.5
17.3
15.6
15.3
17.5
16.2
14.5
16.8
16.8
19.7
16.3
14.3
17.8
17.1
17.5
17.1
17.3
17.0
18.8
19.3
19.7
18.2
15.5
15.7
18.5
21.9
23.8
23.3
22.5
22.2
22.9
23.8
18.7
18.8
22.0
22.2
15.2
14.1
16.1
17.4
14.5
13.7
15.9
16.1
17.9
21.6
22.0
23.1
20.4
18.9
18.1
16.5
16.5
16.5
14.7
15.2
15.1
15.7
13.9
11.2
12.0
17.0
13.7
13.8
16.4
15.2
12.1
7.8
12.1
14.7
18.8
15.7
9.9
9.6
8.5
8.4
10.2
12.8
14.4
13.0
15.5
12.0
13.4
14.6
15.8
13.1
12.6
11.2
15.1
13.2
8.6
9.8
12.0
12.6
14.9
16.2
17.9
18.6
17.9
8.4
5.4
11.4
17.4
17.8
19.1
20.6
19.0
11.7
12.7
16.2
17.0
19.1
20.6
23.0
20.7
19.8
16.5
17.4
21.1
13.9
9.2
9.9
10.1
12.8
16.1
14.9
13.7
17.3
20.4
21.3
19.9
10.4
10.6
13.2
14.1
14.5
13.8
16.2
18.1
20.6
22.0
22.7
23.7
20.0
20.4
22.5
21.9
15.4
16.4
16.6
17.9
15.7
14.7
13.0
13.9
16.3
20.5
22.7
16.6
16.0
20.6
20.3
20.1
21.0
16.8
14.3
18.2
22.7
24.3
20.5
19.9
16.3
13.9
15.8
14.5
15.2
15.6
17.9
18.9
20.8
22.9
21.6
21.2
22.3
17.3
16.5
16.9
18.7
21.5
20.5
20.8
24.5
24.1
17.2
10.8
13.0
19.6
18.0
19.4
19.7
16.1
15.1
15.5
18.0
18.1
15.3
9.9
11.8
12.7
10.0
13.8
14.3
12.5
12.3
12.0
12.0
10.5
9.5
12.6
14.5
18.0
13.5
10.1
7.9
9.1
2.6
1.8
1.6
2.0
3.1
5.5
6.3
4.3
0.7
3.2
7.5
9.2
9.9
5.3
3.6
0.8
1.0
