0.2000
0.2000
0.2000
0.2000
0.2000
0.2000
0.2000
0.2000
0.2000
0.2000
0.2000
0.2000
0.2000
0.2000
0.2000
0.2000
0.2000
0.2000
0.2000
0.2000
0.2111
0.2388
0.2685
0.2942
0.3211
0.3475
0.3768
0.3910
0.4069
0.4253
0.4589
0.4908
0.5113
0.5358
0.5612
0.5901
0.6235
0.6582
0.7023
0.7338
0.7646
0.8012
0.8204
0.8350
0.8493
0.8626
0.8844
0.8992
0.9205
0.9449
0.9652
0.9790
0.9989
1.0170
1.0367
1.0598
1.0856
1.1102
1.1342
1.1534
1.1701
1.1838
1.1975
1.2113
1.2197
1.2244
1.2299
1.2351
1.2398
1.2436
1.2449
1.2440
1.2406
1.2358
1.2296
1.2217
1.2159
1.2114
1.2010
1.1880
1.1737
1.1541
1.1363
1.1195
1.0975
1.0725
1.0500
1.0339
1.0097
0.9813
0.9491
0.9103
0.8659
0.8242
0.7750
0.7232
0.6825
0.6530
0.6141
0.5640
0.5042
0.4399
0.3639
0.2888
0.2042
0.2000
0.2000
0.2000
0.2000
0.2000
0.2000
0.2000
0.2000
0.2000
0.2000
0.2000
0.2000
0.2000
0.2000
0.2000
0.2000
0.2000
0.2000
0.2000
0.2000
0.2000
0.2000
0.2000
0.2000
0.2000
0.2000
0.2000
0.2000
0.2000
0.2000
0.2000
0.2000
0.2000
0.2000
0.2000
0.2000
0.2000
0.2000
0.2000
0.2000
0.2000
0.2000
0.2000
0.2000
0.2000
0.2000
0.2000
0.2000
0.2000
0.2000
0.2000
0.2000
0.2000
0.2000
0.2000
0.2000
0.2082
0.2286
0.2495
0.2727
0.2981
0.3231
0.3580
0.3933
0.4177
0.4360
0.4745
0.5125
0.5533
0.5859
0.6117
0.6356
0.6591
0.6840
0.7051
0.7319
0.7654
0.7987
0.8259
0.8445
0.8646
0.8848
0.9122
0.9407
0.9605
0.9865
1.0137
1.0346
1.0560
1.0784
1.1004
1.1222
1.1338
1.1429
1.1566
1.1708
1.1798
1.1870
1.1918
1.1979
1.2051
1.2130
1.2210
1.2283
1.2346
1.2396
1.2432
1.2449
1.2442
1.2410
1.2380
1.2341
1.2294
1.2225
1.2136
1.2033
1.1900
1.1718
1.1526
1.1376
1.1178
1.0969
1.0732
1.0470
1.0155
0.9798
0.9495
0.9191
0.8801
0.8350
0.7815
0.7238
0.6625
0.5992
0.5460
0.5053
0.4704
0.4168
0.3504
0.2772
0.2086
0.2000
0.2000
0.2000
0.2000
0.2000
0.2000
0.2000
0.2000
0.2000
0.2000
0.2000
0.2000
0.2000
0.2000
0.2000
0.2000
0.2000
0.2000
0.2000
0.2000
0.2000
0.2000
0.2000
0.2000
0.2000
0.2000
0.2000
0.2000
0.2000
0.2000
0.2000
0.2000
0.2000
0.2000
0.2000
0.2000
0.2000
0.2000
0.2000
0.2000
0.2000
0.2000
0.2000
0.2000
0.2000
0.2000
0.2000
0.2000
0.2000
0.2000
0.2000
0.2000
0.2000
0.2000
0.2000
0.2000
0.2000
0.2000
0.2000
0.2000
0.2000
0.2000
0.2000
0.2000
0.2000
0.2000
0.2000
0.2000
0.2000
0.2000
0.2000
0.2000
0.2000
0.2000
0.2027
0.2271
0.2326
0.2412
0.2464
0.2532
0.2688
0.2795
0.2890
0.3035
0.3229
0.3437
0.3702
0.4024
0.4255
0.4405
0.4579
0.4780
0.5049
0.5288
0.5502
0.5752
0.6019
0.6266
0.6459
0.6668
0.6969
0.7306
0.7554
0.7787
0.8082
0.8271
0.8352
0.8429
0.8475
0.8595
0.8783
0.8973
0.9232
0.9539
0.9798
0.9999
1.0197
1.0359
1.0490
1.0647
1.0798
1.0948
1.1100
1.1216
1.1363
1.1506
1.1653
1.1807
1.1961
1.2095
1.2217
1.2314
1.2375
1.2418
1.2442
1.2450
1.2436
1.2395
1.2337
1.2250
1.2134
1.1988
1.1817
1.1606
1.1364
1.1107
1.0889
1.0704
1.0447
1.0118
0.9765
0.9349
0.8901
0.8417
0.7967
0.7563
0.7122
0.6757
0.6418
0.6062
0.5671
0.5200
0.4711
0.4137
0.3516
0.2859
0.2253
0.2000
0.2000
0.2000
0.2000
0.2000
0.2000
0.2000
0.2000
0.2000
0.2000
0.2000
0.2000
0.2000
0.2000
0.2000
0.2000
0.2000
0.2000
0.2000
0.2000
0.2000
0.2000
0.2000
0.2000
0.2000
0.2000
0.2000
0.2000
0.2000
0.2000
0.2000
0.2000
0.2000
0.2000
0.2000
0.2000
0.2000
0.2000
0.2000
0.2000
0.2000
0.2000
0.2000
0.2000
0.2000
0.2000
0.2000
0.2000
0.2000
0.2000
0.2000
0.2000
0.2000
0.2000
0.2087
0.2179
0.2205
0.2373
0.2662
0.3009
0.3431
0.3821
0.3958
0.4039
0.4162
0.4433
0.4757
0.5093
0.5442
0.5835
0.6245
0.6571
0.6898
0.7271
0.7528
0.7741
0.7817
0.7950
0.8188
0.8451
0.8733
0.8924
0.9157
0.9414
0.9717
0.9928
1.0058
1.0186
1.0347
1.0549
1.0678
1.0794
1.0886
1.1016
1.1130
1.1274
1.1425
1.1580
1.1726
1.1826
1.1953
1.2073
1.2156
1.2230
1.2288
1.2332
1.2372
1.2408
1.2424
1.2435
1.2446
1.2449
1.2432
1.2392
1.2347
1.2278
1.2200
1.2100
1.1976
1.1795
1.1688
1.1545
1.1352
1.1107
1.0850
1.0592
1.0283
1.0019
0.9779
0.9504
0.9254
0.8973
0.8664
0.8347
0.7967
0.7545
0.7025
0.6530
0.5955
0.5348
0.4810
0.4320
0.3859
0.3199
0.2487
0.2000
0.2000
0.2000
0.2000
0.2000
0.2000
0.2000
0.2000
0.2000
0.2000
0.2000
0.2000
0.2000
0.2000
0.2000
0.2000
0.2000
0.2000
0.2000
0.2000
0.2000
0.2000
0.2000
0.2000
0.2000
0.2000
0.2000
0.2000
0.2000
0.2000
0.2000
0.2000
0.2000
0.2000
0.2000
0.2000
0.2000
0.2000
0.2000
0.2000
0.2000
0.2000
0.2000
0.2000
0.2000
0.2000
0.2000
0.2000
0.2000
0.2000
0.2000
0.2000
0.2000
0.2000
0.2000
0.2000
0.2000
0.2000
0.2000
0.2000
0.2000
0.2000
0.2000
0.2000
0.2000
0.2000
0.2000
0.2000
0.2174
0.2581
0.2813
0.2888
0.2813
0.2815
0.2784
0.2841
0.2989
0.3164
0.3434
0.3638
0.3854
0.4102
0.4450
0.4819
0.5259
0.5738
0.6170
0.6486
0.6680
0.6853
0.6971
0.7091
0.7236
0.7444
0.7654
0.7973
0.8380
0.8731
0.8975
0.9227
0.9442
0.9631
0.9835
1.0065
1.0370
1.0615
1.0768
1.0959
1.1203
1.1429
1.1639
1.1826
1.1990
1.2130
1.2246
1.2327
1.2383
1.2416
1.2440
1.2450
1.2443
1.2418
1.2362
1.2299
1.2218
1.2112
1.1969
1.1784
1.1603
1.1373
1.1224
1.1071
1.0821
1.0556
1.0246
0.9937
0.9591
0.9247
0.8884
0.8461
0.7986
0.7427
0.6890
0.6269
0.5599
0.4920
0.4187
0.3568
0.2875
0.2042
0.2000
0.2000
0.2000
0.2000
0.2000
0.2000
0.2000
0.2000
0.2000
0.2000
0.2000
0.2000
0.2000
0.2000
0.2000
0.2000
0.2000
0.2000
0.2000
0.2000
0.2000
0.2000
0.2000
0.2000
0.2000
0.2000
0.2000
0.2000
0.2000
0.2000
0.2000
0.2000
0.2000
0.2000
0.2000
0.2000
0.2000
0.2000
0.2000
0.2000
0.2000
0.2000
0.2000
0.2000
0.2000
0.2000
0.2000
0.2000
0.2000
0.2000
0.2000
0.2000
0.2000
0.2000
0.2000
0.2000
0.2000
0.2000
0.2000
0.2000
0.2000
0.2000
0.2000
0.2000
0.2000
0.2000
0.2000
0.2000
0.2000
0.2000
0.2000
0.2048
0.2299
0.2534
0.2678
0.2748
0.2880
0.3012
0.3236
0.3506
0.3755
0.3951
0.4192
0.4520
0.4895
0.5215
0.5480
0.5767
0.6054
0.6252
0.6450
0.6668
0.6804
0.6936
0.7113
0.7378
0.7669
0.8006
0.8253
0.8433
0.8621
0.8812
0.8943
0.9092
0.9288
0.9536
0.9788
1.0041
1.0329
1.0562
1.0766
1.1002
1.1145
1.1223
1.1318
1.1394
1.1498
1.1592
1.1723
1.1845
1.1942
1.2038
1.2116
1.2175
1.2243
1.2307
1.2364
1.2407
1.2429
1.2444
1.2450
1.2440
1.2417
1.2384
1.2339
1.2284
1.2201
1.2075
1.1928
1.1793
1.1686
1.1549
1.1362
1.1113
1.0821
1.0539
1.0212
0.9870
0.9469
0.9084
0.8739
0.8323
0.7859
0.7505
0.7125
0.6810
0.6337
0.5885
0.5498
0.5078
0.4593
0.3987
0.3332
0.2508
0.2000
0.2000
0.2000
0.2000
0.2000
0.2000
0.2000
0.2000
0.2000
0.2000
0.2000
0.2000
0.2000
0.2000
0.2000
0.2000
0.2000
0.2000
0.2000
0.2000
0.2000
0.2000
0.2000
0.2000
0.2000
0.2000
0.2000
0.2000
0.2000
0.2000
0.2000
0.2000
0.2000
0.2000
0.2000
0.2000
0.2000
0.2000
0.2000
0.2000
0.2000
0.2000
0.2000
0.2000
0.2000
0.2000
0.2000
0.2000
0.2000
0.2000
0.2000
0.2000
0.2000
0.2000
0.2000
0.2000
0.2000
0.2000
0.2192
0.2485
0.2709
0.2846
0.2896
0.2911
0.2945
0.3038
0.3254
0.3495
0.3740
0.4044
0.4320
0.4567
0.4750
0.4895
0.5059
0.5268
0.5500
0.5736
0.5965
0.6215
0.6404
0.6564
0.6777
0.7073
0.7388
0.7690
0.7950
0.8059
0.8131
0.8301
0.8511
0.8743
0.8975
0.9212
0.9359
0.9583
0.9835
1.0016
1.0084
1.0225
1.0403
1.0608
1.0799
1.0981
1.1127
1.1282
1.1413
1.1493
1.1592
1.1703
1.1806
1.1927
1.2055
1.2166
1.2243
1.2310
1.2373
1.2419
1.2443
1.2449
1.2430
1.2394
1.2359
1.2288
1.2202
1.2083
1.1967
1.1844
1.1681
1.1525
1.1336
1.1110
1.0838
1.0528
1.0212
0.9843
0.9454
0.9103
0.8704
0.8308
0.8041
0.7722
0.7232
0.6619
0.6118
0.5561
0.4851
0.4164
0.3380
0.2655
0.2000
0.2000
0.2000
0.2000
0.2000
0.2000
0.2000
0.2000
0.2000
0.2000
0.2000
0.2000
0.2000
0.2000
0.2000
0.2000
0.2000
0.2000
0.2000
0.2000
0.2000
0.2000
0.2000
0.2000
0.2000
0.2000
0.2000
0.2000
0.2000
0.2000
0.2000
0.2000
0.2000
0.2000
0.2000
0.2000
0.2000
0.2000
0.2000
0.2000
0.2000
0.2000
0.2000
0.2000
0.2000
0.2000
0.2000
0.2000
0.2000
0.2000
0.2000
0.2000
0.2000
0.2000
0.2163
0.2203
0.2260
0.2386
0.2407
0.2441
0.2540
0.2685
0.2878
0.3185
0.3541
0.3743
0.3776
0.3791
0.3826
0.3885
0.4034
0.4230
0.4453
0.4671
0.4861
0.5088
0.5217
0.5396
0.5664
0.5941
0.6256
0.6628
0.6947
0.7310
0.7739
0.8064
0.8368
0.8583
0.8783
0.8977
0.9197
0.9348
0.9492
0.9645
0.9807
0.9982
1.0150
1.0355
1.0534
1.0734
1.0942
1.1095
1.1218
1.1356
1.1502
1.1641
1.1782
1.1909
1.2016
1.2126
1.2230
1.2291
1.2337
1.2368
1.2406
1.2433
1.2448
1.2449
1.2443
1.2427
1.2404
1.2371
1.2332
1.2291
1.2231
1.2154
1.2042
1.1903
1.1740
1.1595
1.1415
1.1203
1.0975
1.0753
1.0511
1.0242
0.9941
0.9604
0.9360
0.9096
0.8754
0.8536
0.8205
0.7809
0.7450
0.7046
0.6632
0.6246
0.5918
0.5460
0.4985
0.4444
0.3906
0.3296
0.2588
0.2000
0.2000
0.2000
0.2000
0.2000
0.2000
0.2000
0.2000
0.2000
0.2000
0.2000
0.2000
0.2000
0.2000
0.2000
0.2000
0.2000
0.2000
0.2000
0.2000
0.2000
0.2000
0.2000
0.2000
0.2000
0.2000
0.2000
0.2000
0.2000
0.2000
0.2000
0.2000
0.2000
0.2000
0.2000
0.2000
0.2000
0.2000
0.2000
0.2000
0.2000
0.2000
0.2000
0.2000
0.2000
0.2000
0.2000
0.2000
0.2000
0.2000
0.2000
0.2000
0.2000
0.2000
0.2000
0.2000
0.2000
0.2000
0.2000
0.2000
0.2066
0.2072
0.2053
0.2106
0.2137
0.2187
0.2354
0.2602
0.2810
0.2994
0.3157
0.3365
0.3580
0.3890
0.4220
0.4475
0.4824
0.5254
0.5662
0.5969
0.6263
0.6523
0.6659
0.6784
0.6989
0.7238
0.7503
0.7796
0.8135
0.8368
0.8615
0.8873
0.9126
0.9369
0.9530
0.9629
0.9748
0.9913
1.0076
1.0225
1.0387
1.0556
1.0685
1.0846
1.1021
1.1173
1.1326
1.1410
1.1526
1.1601
1.1677
1.1808
1.1914
1.2004
1.2097
1.2197
1.2289
1.2358
1.2410
1.2439
1.2449
1.2445
1.2429
1.2404
1.2374
1.2349
1.2304
1.2231
1.2113
1.1991
1.1845
1.1674
1.1477
1.1310
1.1104
1.0853
1.0596
1.0287
0.9905
0.9546
0.9233
0.8852
0.8492
0.8111
0.7657
0.7283
0.7037
0.6676
0.6341
0.5999
0.5599
0.5121
0.4814
0.4522
0.3960
0.3496
0.2946
0.2185
0.2000
0.2000
0.2000
0.2000
0.2000
0.2000
0.2000
0.2000
0.2000
0.2000
0.2000
0.2000
0.2000
0.2000
0.2000
0.2000
0.2000
0.2000
0.2000
0.2000
0.2000
0.2000
0.2000
0.2000
0.2000
0.2000
0.2000
0.2000
0.2000
0.2000
0.2000
0.2000
0.2000
0.2000
0.2000
0.2000
0.2000
0.2000
0.2000
0.2000
0.2000
0.2000
0.2000
0.2000
0.2000
0.2000
0.2000
0.2260
0.2495
0.2652
0.2774
0.2903
0.3028
0.3061
0.3190
0.3398
0.3641
0.3925
0.4243
0.4624
0.4824
0.4988
0.5198
0.5523
0.5821
0.6108
0.6434
0.6815
0.7142
0.7432
0.7753
0.8066
0.8253
0.8475
0.8747
0.9025
0.9227
0.9378
0.9558
0.9766
0.9908
1.0062
1.0230
1.0412
1.0567
1.0743
1.0903
1.1116
1.1239
1.1325
1.1439
1.1560
1.1698
1.1859
1.1982
1.2069
1.2143
1.2229
1.2308
1.2373
1.2422
1.2445
1.2449
1.2431
1.2384
1.2309
1.2204
1.2097
1.2009
1.1884
1.1686
1.1486
1.1260
1.1007
1.0829
1.0620
1.0359
1.0021
0.9719
0.9360
0.8893
0.8609
0.8281
0.7826
0.7250
0.6698
0.6145
0.5467
0.4869
0.4380
0.3960
0.3409
0.2904
0.2432
0.2000
0.2000
0.2000
0.2000
0.2000
0.2000
0.2000
0.2000
0.2000
0.2000
0.2000
0.2000
0.2000
0.2000
0.2000
0.2000
0.2000
0.2000
0.2000
0.2000
0.2000
0.2000
0.2000
0.2000
0.2000
0.2000
0.2000
0.2000
0.2000
0.2000
0.2000
0.2000
0.2000
0.2000
0.2000
0.2000
0.2000
0.2000
0.2000
0.2000
0.2000
0.2000
0.2000
0.2000
0.2000
0.2000
0.2000
0.2000
0.2000
0.2000
0.2000
0.2000
0.2000
0.2000
0.2000
0.2000
