3.5
5.6
9.3
2.7
1.5
7.3
8.2
7.9
9.4
14.2
14.5
19.1
16.4
17.4
15.6
8.7
5.2
4.2
6.8
5.9
6.7
11.0
15.8
12.8
12.1
11.0
12.8
13.4
16.5
17.4
15.1
18.5
22.0
21.6
17.9
17.4
16.2
10.9
10.4
13.9
16.0
16.8
18.5
20.9
16.1
17.1
17.8
17.9
18.0
14.1
10.4
11.6
14.5
14.5
14.2
14.9
16.0
13.7
16.2
18.1
16.4
17.4
12.2
15.2
11.8
12.5
18.5
17.1
15.7
17.4
21.1
22.6
21.0
22.2
20.8
18.6
18.2
17.6
16.3
14.2
11.8
15.4
18.5
22.8
20.5
20.5
20.6
21.2
17.2
18.8
20.4
19.2
20.9
23.1
20.9
17.9
19.9
18.2
18.4
19.7
16.9
12.8
16.1
15.3
15.0
16.2
17.8
12.8
12.7
18.3
16.0
17.9
23.1
18.0
18.2
20.8
12.8
12.6
14.7
17.1
17.0
15.1
16.7
16.5
15.8
16.8
20.9
15.8
14.3
16.5
14.1
10.2
9.1
11.1
13.8
15.0
15.4
17.7
16.1
14.3
11.1
10.9
12.2
12.6
15.7
15.1
13.0
11.5
11.2
5.1
