0.0
0.0
0.0
0.0
0.0
0.0
0.0
0.0
0.0
0.0
0.0
0.0
0.0
0.0
0.0
0.0
0.0
0.0
2.0
2.2
0.0
0.0
0.0
0.1
0.0
0.0
0.4
0.0
0.0
1.7
0.0
0.0
0.0
0.0
0.4
0.3
19.5
9.5
0.0
0.0
0.0
0.2
0.0
17.5
37.5
7.6
0.0
0.9
1.1
0.2
8.2
0.1
0.0
0.0
7.7
0.0
0.0
0.0
0.0
0.0
0.0
0.0
2.3
10.9
38.3
0.2
0.5
0.0
0.0
0.1
0.0
0.0
0.0
0.0
0.0
0.0
0.0
0.0
14.0
0.0
0.0
0.0
0.0
0.0
0.0
0.0
0.0
0.0
0.0
0.0
1.1
0.0
0.1
0.0
0.0
0.0
0.0
0.0
0.0
0.0
0.0
0.0
0.0
0.0
0.1
0.0
0.0
0.0
0.0
0.0
0.0
0.1
0.1
0.0
5.9
1.9
31.4
2.8
3.9
0.0
0.0
0.0
0.1
0.0
0.0
0.0
0.0
0.0
0.0
0.0
0.0
7.8
0.0
0.0
0.0
0.0
0.0
0.0
0.0
0.0
0.0
1.8
0.0
0.0
1.9
0.0
0.0
0.0
0.0
0.0
0.0
5.8
0.0
