0.1
4.3
6.2
4.3
0.0
4.0
0.1
0.0
0.1
3.7
0.0
0.0
0.0
0.0
0.1
0.1
2.2
0.2
4.2
5.8
0.0
0.0
0.1
0.0
0.1
0.0
0.0
7.8
0.2
0.0
1.9
0.1
14.4
0.0
0.0
1.3
0.0
0.0
0.0
0.0
0.0
11.0
0.0
17.2
13.0
1.6
6.5
72.5
21.2
5.1
0.1
0.0
0.0
0.0
2.2
0.4
3.6
0.1
0.0
2.4
7.0
0.3
0.0
0.0
0.0
0.0
2.8
3.1
0.0
0.0
0.7
0.5
0.0
0.0
0.0
0.0
0.0
0.0
0.0
0.0
0.0
4.9
0.2
4.6
0.2
0.0
0.0
0.0
0.0
0.0
0.0
0.0
0.0
0.0
0.0
0.1
0.1
0.1
0.0
0.0
0.0
0.0
0.0
0.0
0.0
0.7
2.4
0.5
0.7
0.1
4.7
4.4
6.2
5.5
5.0
0.0
0.0
0.0
0.0
10.8
0.1
0.0
0.0
0.0
0.0
35.5
0.1
0.0
0.1
0.0
1.7
2.3
17.1
0.0
0.0
0.0
0.0
0.0
0.0
0.0
0.0
0.0
0.0
0.0
0.0
0.1
0.1
0.0
0.0
0.3
0.2
0.0
2.5
