-1.049999881779249300e+00
-1.049999532702471816e+00
-1.049997966811202499e+00
-1.049991563668040362e+00
-1.049966921493270755e+00
-1.049877957567329156e+00
-1.049578341038500895e+00
-1.048643972262977009e+00
-1.045974639344544821e+00
-1.039107987381416853e+00
-1.023646550521584375e+00
-1.010332055865710510e+00
-9.932850430333609593e-01
-9.726696266780275879e-01
-9.492029244586766001e-01
-9.240722288751583857e-01
-8.987085029229948674e-01
-8.745242730028573996e-01
-8.527225065177537200e-01
-8.342196197341201769e-01
-8.196658323782172184e-01
-8.095190700194290212e-01
-8.041421415600293887e-01
-8.038975251517681553e-01
-8.092546745111479645e-01
-8.209015900323196613e-01
-8.399233529254557240e-01
-8.680744739382545427e-01
-9.083346927569271312e-01
-9.660837422728193458e-01
-1.052103843817414175e+00
