0.0
0.0
0.1
0.0
0.1
0.0
12.4
0.3
1.0
0.2
0.0
12.4
0.6
0.0
0.0
0.0
0.0
0.0
0.5
1.1
0.3
0.0
0.0
0.0
0.0
0.0
0.0
0.0
0.0
0.0
0.0
0.0
0.0
0.0
0.0
5.5
12.7
0.0
0.0
0.2
0.1
0.0
0.0
0.1
0.1
0.3
0.0
0.0
0.0
0.0
0.0
0.0
38.0
0.0
0.0
0.0
0.0
0.0
0.0
0.0
0.0
0.7
0.7
0.0
0.4
0.3
3.5
0.1
0.3
2.6
0.1
0.0
0.1
19.7
0.9
0.1
0.1
0.0
0.0
1.3
0.4
0.0
0.0
0.0
0.0
0.0
0.0
0.0
1.4
1.8
2.8
4.7
0.0
2.1
16.4
23.8
1.5
0.1
0.2
0.0
0.0
0.0
0.0
1.6
0.8
13.8
19.0
0.2
0.0
0.2
1.3
0.0
0.0
0.0
0.1
0.0
0.0
0.0
0.0
0.0
0.0
0.0
0.0
0.0
0.0
0.0
0.0
0.0
0.0
0.0
0.0
0.0
0.0
0.0
0.0
0.0
0.0
0.0
0.0
0.0
0.0
0.0
6.1
0.2
0.0
0.0
0.0
0.0
0.0
0.0
0.0
0.0
0.1