16.8
16.1
18.0
18.6
17.5
9.6
10.5
12.7
11.6
12.8
13.0
13.9
14.8
14.7
18.6
18.9
14.7
12.3
20.5
20.5
21.9
18.7
16.0
15.3
15.3
16.0
14.5
17.2
20.6
20.9
18.3
14.3
15.2
15.5
19.6
20.7
16.3
20.3
21.7
18.4
19.4
20.8
21.5
22.4
14.9
13.1
17.8
19.3
14.7
13.3
10.7
12.7
14.8
16.7
18.4
19.3
20.1
20.6
21.8
23.6
23.8
24.3
15.9
15.8
15.9
18.2
19.2
19.2
20.7
23.6
22.1
17.2
19.7
19.3
20.0
20.3
22.1
22.9
19.2
18.5
21.4
22.8
24.8
25.4
26.2
24.5
20.6
16.5
14.6
19.3
22.0
23.0
21.2
21.6
22.6
20.4
19.6
19.7
20.7
21.5
19.2
19.8
18.2
18.1
20.1
24.6
25.5
22.2
26.7
19.2
11.9
15.7
15.5
18.0
19.0
17.8
17.0
21.8
20.2
21.8
21.9
17.9
17.5
16.9
23.6
22.6
13.4
15.9
14.8
15.0
13.8
13.4
14.9
17.8
19.7
18.1
14.6
16.4
20.1
20.1
19.1
11.4
10.0
11.3
11.5
12.6
13.7
15.6
15.7
12.2
12.2
9.6
6.9
