9.5
12.2
15.6
17.8
15.1
16.8
17.0
17.1
10.5
8.5
6.0
11.4
16.1
18.4
21.4
20.3
10.4
8.2
9.9
15.8
18.1
18.7
19.4
21.5
22.5
19.2
19.5
21.9
16.9
15.0
8.6
11.4
16.6
18.1
19.4
15.0
17.5
19.2
22.4
17.6
13.0
13.0
15.4
18.5
14.0
13.3
11.8
14.9
14.0
16.9
18.2
19.6
19.8
16.0
20.2
21.2
17.7
17.9
16.7
15.2
16.4
17.6
12.8
11.7
15.0
19.0
24.3
22.8
18.7
20.6
19.2
20.1
21.0
24.7
15.4
17.7
20.6
22.9
22.0
20.6
22.3
18.8
16.8
17.9
16.2
17.0
17.6
17.4
19.2
20.0
22.6
20.9
22.6
22.7
20.0
18.2
17.0
21.6
22.2
21.6
24.4
27.6
21.1
17.7
14.6
19.0
19.9
19.4
22.7
17.8
13.2
15.8
15.9
20.9
22.1
14.6
13.9
16.8
8.3
13.4
18.1
16.2
15.2
14.8
13.7
11.6
10.0
12.3
15.7
18.6
19.8
15.7
14.3
11.9
10.5
3.6
5.8
6.6
7.2
9.3
5.5
7.5
7.2
9.4
3.4
6.1
7.9
11.7
12.9
5.9
4.9
3.5
