9.9
8.6
12.5
19.2
18.3
17.4
7.4
10.1
12.7
14.7
17.4
14.0
11.0
9.7
10.0
9.8
6.3
10.0
13.1
14.5
16.2
17.6
20.3
13.1
11.7
13.6
18.5
17.5
17.2
19.1
21.8
19.7
18.3
20.1
20.0
14.2
16.1
18.9
19.7
15.9
13.4
15.2
17.1
13.5
14.4
15.6
16.9
15.5
17.3
16.8
21.5
15.1
12.3
15.1
16.3
18.8
22.8
20.1
16.9
16.2
19.9
21.3
22.2
24.1
21.7
22.3
22.8
25.3
25.9
25.2
21.3
16.5
19.4
24.9
22.5
22.6
22.7
16.5
17.7
19.8
22.8
19.8
21.5
25.5
16.5
17.7
21.8
25.2
23.1
22.2
26.3
21.8
18.2
16.0
19.0
17.4
16.3
17.8
19.8
17.1
18.1
21.5
19.8
20.6
19.6
16.5
14.8
19.3
20.0
23.4
15.4
16.2
17.4
19.6
22.8
21.9
17.6
19.2
21.8
23.2
20.6
23.3
25.0
20.0
23.3
18.3
16.6
15.8
18.0
19.6
21.8
21.3
20.2
23.2
17.7
9.5
6.4
6.7
8.8
12.0
12.8
9.4
9.6
5.8
4.8
5.9
6.5
12.5
13.9
13.2
13.8
16.0
15.7
