12.1
15.5
19.3
20.0
15.6
13.9
15.9
17.2
6.5
7.2
9.8
5.8
6.3
8.8
10.6
12.4
16.9
18.9
12.9
6.3
5.6
6.4
7.3
10.9
12.8
13.9
13.8
12.7
14.3
10.3
12.4
16.2
16.7
18.5
21.2
19.2
21.5
25.5
20.6
20.0
15.9
15.3
15.2
16.9
13.3
13.1
13.8
14.5
15.6
15.4
18.2
17.0
19.0
20.3
16.9
15.0
16.8
18.2
18.5
19.9
19.7
18.7
20.8
22.7
17.4
15.8
13.9
18.2
18.9
19.3
16.5
15.2
16.4
15.7
16.0
15.5
14.4
16.4
17.6
20.7
21.5
21.9
18.3
20.0
21.0
20.7
19.1
19.3
19.8
20.5
21.2
16.1
16.5
19.2
13.7
17.7
19.5
17.6
18.6
18.4
17.0
14.9
18.4
18.4
19.7
19.1
20.4
22.2
19.3
13.2
14.8
19.0
23.1
19.2
14.0
14.4
11.8
15.7
20.3
12.6
17.4
20.4
21.8
20.8
17.0
14.8
9.5
11.5
13.8
14.3
13.1
13.7
18.6
7.9
5.9
8.5
12.8
14.8
17.5
17.2
14.8
12.8
9.8
9.4
7.8
12.3
11.8
12.6
17.4
16.4
12.0
10.7
14.2
