14.9
7.3
8.0
10.9
14.6
7.4
6.8
5.6
8.1
10.0
7.6
8.0
8.0
7.3
8.3
9.5
6.7
7.7
9.7
12.3
13.8
15.6
16.4
14.9
15.4
15.3
16.5
10.6
11.3
12.3
18.5
17.9
13.4
15.1
15.6
17.2
19.3
20.1
24.6
19.4
19.3
22.5
14.4
12.2
12.2
11.8
16.3
12.8
16.5
18.6
16.6
13.1
17.0
16.3
17.7
20.6
23.5
23.9
25.2
22.4
21.7
20.0
21.6
24.3
18.7
13.7
16.4
17.8
20.1
24.3
22.6
24.2
23.2
20.8
19.9
20.1
14.4
11.6
18.9
20.0
19.6
22.7
19.4
17.5
20.1
20.8
18.2
14.0
17.8
19.2
20.1
22.1
23.3
21.2
23.0
22.9
18.4
14.4
17.0
19.9
22.0
22.5
24.7
23.6
26.7
21.1
13.8
14.1
16.4
15.0
19.2
17.6
10.1
11.3
15.7
19.1
21.1
18.2
20.0
22.8
20.7
17.7
16.5
17.8
16.5
11.4
8.4
6.8
7.8
9.8
13.5
14.7
14.1
16.6
22.1
13.4
8.3
10.3
7.7
9.9
13.7
16.3
19.7
9.7
11.3
12.8
13.1
18.1
11.5
10.9
8.1
13.1
12.9
