14.0
8.1
9.1
8.9
9.1
12.4
12.1
5.8
3.4
8.0
7.9
11.6
13.8
13.3
15.1
17.3
20.6
13.9
7.9
2.1
5.1
3.8
7.2
10.7
11.8
15.5
13.0
13.5
14.8
18.9
19.9
23.0
25.9
23.4
18.7
13.5
12.7
10.3
10.4
11.6
14.6
14.8
20.2
25.8
22.9
17.8
18.6
17.0
15.8
17.0
19.0
24.5
21.6
15.8
19.2
24.4
24.5
25.3
26.3
25.6
27.2
28.7
22.7
20.9
18.1
19.3
21.8
19.0
21.6
24.6
20.4
20.6
21.5
23.4
25.8
22.0
24.0
16.2
15.8
21.3
20.9
22.2
20.9
21.6
20.5
20.4
21.9
22.9
24.8
22.9
24.6
26.4
24.2
24.7
20.9
22.1
24.7
22.2
13.7
16.9
20.4
22.7
20.6
21.9
25.9
25.7
21.9
10.6
12.0
13.0
14.2
11.6
15.5
13.1
12.0
14.3
16.6
15.8
16.0
18.6
18.6
16.0
12.4
11.6
13.9
18.2
22.8
19.5
17.2
19.1
21.5
15.3
12.8
13.7
13.4
15.7
13.2
9.4
11.3
18.2
13.0
12.2
16.2
17.8
13.0
13.6
21.7
18.5
18.0
13.1
11.9
14.7
