2.5
2.8
6.3
8.8
8.8
10.6
5.1
6.9
11.9
16.4
19.0
18.0
15.1
12.4
14.7
14.3
7.1
8.3
7.0
7.6
11.0
9.1
8.7
10.6
12.5
13.1
15.4
17.7
14.2
11.0
12.0
13.1
16.0
14.8
13.9
15.5
16.3
15.6
13.4
14.2
18.4
20.3
16.5
16.0
19.2
14.3
9.0
8.9
7.3
11.1
14.7
15.0
19.0
22.2
20.1
17.1
17.4
15.5
13.7
15.8
15.8
16.2
16.8
14.4
17.6
18.0
19.3
21.4
23.4
23.4
26.3
26.9
21.6
21.4
20.3
21.4
23.6
24.8
22.1
23.5
24.0
24.3
24.0
26.6
25.7
23.8
19.5
16.5
19.9
22.7
22.6
24.2
24.2
24.3
21.9
19.4
20.0
16.9
15.7
15.9
16.6
18.5
18.5
20.3
20.9
21.2
19.4
16.8
18.9
20.3
23.8
23.8
20.0
16.2
17.9
17.4
17.7
18.4
18.7
9.7
17.3
19.2
17.6
19.8
22.0
20.5
16.4
17.1
20.6
21.0
19.5
21.1
14.0
11.6
10.8
14.4
15.1
12.6
14.0
12.7
14.8
16.0
9.1
8.9
16.5
17.5
21.5
21.1
15.3
16.2
12.6
13.9
9.2
