11.1
12.3
10.8
8.0
10.4
10.9
11.4
8.1
8.3
5.4
6.9
6.3
6.4
13.2
10.8
14.6
15.2
14.6
14.0
10.5
7.7
10.1
10.1
13.7
15.5
14.8
12.7
14.6
18.1
20.2
18.1
16.0
17.0
17.2
13.5
13.6
14.6
11.0
10.9
13.0
17.1
18.6
21.1
17.1
14.0
14.5
14.9
11.9
13.0
15.7
18.9
19.7
20.3
23.3
20.6
19.4
22.6
16.3
11.4
13.1
11.6
14.5
14.0
18.4
18.5
16.6
17.7
16.3
14.5
17.1
18.6
19.9
19.9
15.6
16.8
19.4
20.1
19.0
17.6
17.9
17.4
20.2
23.8
23.0
19.4
15.4
17.2
20.2
23.2
24.2
21.9
23.0
22.4
23.9
21.9
19.3
21.3
22.2
17.5
17.9
15.3
19.9
18.7
16.3
16.9
18.3
21.0
21.6
25.0
24.6
22.7
21.8
21.1
21.3
18.2
19.3
19.3
18.3
15.6
17.9
15.8
12.1
13.3
21.2
16.3
15.6
18.2
21.4
12.0
7.5
10.8
15.7
16.7
18.6
15.2
12.7
9.8
10.5
13.3
13.3
14.5
16.6
15.7
15.5
10.3
13.8
15.3
13.3
12.2
11.2
16.2
17.4
11.4
