3.8
5.9
9.7
2.8
1.8
7.6
8.5
8.4
10.0
14.3
14.9
19.6
16.7
17.5
15.6
8.7
5.2
4.3
7.0
6.2
6.9
11.4
14.5
13.0
12.1
11.3
13.1
13.4
17.2
18.1
15.2
19.1
22.6
22.0
18.0
17.6
16.3
11.0
10.5
14.2
16.3
17.2
18.8
21.4
16.5
17.5
18.4
18.5
18.4
14.1
10.7
11.9
14.9
15.0
14.4
15.5
16.4
14.0
16.6
18.3
17.1
17.9
12.4
15.7
12.2
12.7
19.0
17.5
16.4
18.1
21.2
22.9
21.9
23.2
21.6
19.6
18.8
18.2
17.0
15.3
11.9
15.9
19.3
23.6
21.0
21.4
21.8
22.1
18.1
19.9
21.6
20.6
22.3
24.7
22.1
19.0
21.1
19.4
19.5
21.4
17.9
13.2
16.7
15.5
15.4
16.8
18.6
13.5
12.9
19.8
16.8
18.6
23.1
18.8
18.9
21.6
13.5
13.3
15.4
18.1
17.9
16.0
17.3
17.1
16.3
17.4
22.2
17.0
15.2
16.7
14.5
10.4
9.3
11.4
14.5
15.8
16.2
18.6
17.0
14.8
11.9
11.2
12.7
13.1
16.7
15.8
13.4
12.4
11.5
5.4
