11.0
12.4
12.1
14.7
15.5
13.0
10.8
7.6
4.6
9.9
10.6
9.2
8.5
10.9
14.8
16.2
13.6
10.3
6.9
5.6
6.3
8.6
13.4
14.4
14.6
17.0
16.0
14.9
12.4
10.9
11.7
13.6
14.6
14.9
14.7
15.7
13.2
12.0
14.4
18.3
19.4
19.1
17.4
10.3
8.5
13.4
15.5
16.9
17.2
17.8
13.1
17.7
19.8
16.0
9.2
13.9
16.6
18.9
18.6
18.6
16.5
17.8
16.4
12.4
14.4
16.3
16.1
19.2
21.9
21.9
18.7
19.2
21.9
22.4
21.3
22.4
25.1
21.4
15.8
22.0
20.8
22.9
19.6
18.7
21.1
18.7
20.2
21.4
22.9
23.6
22.4
23.7
23.3
20.4
21.5
20.5
15.0
16.5
21.9
25.1
20.5
21.5
26.1
23.4
25.2
22.7
21.3
23.0
22.4
22.3
23.0
22.5
22.8
22.3
19.7
19.5
18.0
19.6
17.8
16.3
19.6
22.2
24.0
25.0
20.0
23.9
25.0
22.6
16.4
22.9
12.9
11.1
14.1
20.4
17.5
15.9
15.2
15.2
16.1
13.8
11.5
11.4
8.6
9.0
8.8
14.7
15.8
14.7
15.8
19.3
20.2
17.7
12.9
