0.0
0.0
0.0
0.0
0.0
0.6
0.3
0.8
0.0
0.0
0.0
0.0
1.8
0.0
0.0
0.0
0.0
0.0
0.0
13.6
45.0
0.4
0.0
0.0
0.0
3.6
0.2
0.0
0.0
0.0
0.0
0.0
0.0
0.0
0.6
1.2
3.5
15.1
0.0
0.0
0.0
0.0
0.0
3.0
0.2
0.0
0.0
7.2
1.0
0.0
0.0
0.0
0.0
0.0
1.7
2.3
0.0
1.7
14.0
5.9
52.0
1.3
0.0
0.0
0.2
0.0
0.0
1.3
5.3
0.0
0.0
0.0
0.0
0.0
0.0
0.0
0.0
7.6
0.0
8.4
0.7
0.0
0.0
0.0
0.0
0.0
0.0
0.0
0.0
0.0
0.0
0.0
12.7
0.0
0.0
0.0
0.0
0.0
0.0
0.0
0.0
0.0
0.0
0.0
0.0
0.0
0.0
0.0
0.0
0.0
0.0
0.0
0.0
0.0
0.0
0.0
0.0
0.0
0.0
0.0
0.0
1.8
0.0
0.0
0.0
0.0
0.0
0.0
8.2
13.4
0.0
0.0
0.0
0.0
0.0
0.0
0.0
0.0
0.0
0.0
0.0
0.0
1.6
0.0
0.1
0.1
0.0
0.0
0.0
0.0
0.0
0.0
0.0
