0.0
1.8
0.8
0.0
0.0
7.4
1.8
0.5
0.3
0.2
0.0
11.7
1.0
0.0
0.3
0.8
14.7
0.2
0.3
0.0
0.0
0.0
0.2
10.2
0.5
0.2
0.3
0.2
0.0
0.0
0.0
0.0
0.0
0.0
8.1
8.9
0.0
0.2
17.8
0.3
0.0
2.3
0.0
22.6
4.6
0.0
0.3
1.3
0.0
0.2
0.0
0.2
0.0
0.3
0.0
0.0
0.0
0.0
0.2
0.3
0.2
0.0
0.2
0.0
0.0
0.0
0.0
0.0
0.0
0.0
1.0
0.2
0.3
0.2
0.0
1.3
0.0
0.3
0.0
0.0
0.0
0.2
0.0
0.0
0.0
0.0
0.0
0.0
0.0
0.2
0.0
0.0
0.0
0.8
0.2
0.0
0.0
0.2
4.8
0.2
0.0
0.0
0.3
0.0
0.0
0.0
0.0
0.2
0.0
0.3
0.0
0.0
0.0
0.0
0.0
0.2
0.0
0.0
0.0
0.0
0.0
0.0
0.0
0.0
0.2
0.0
0.0
0.0
0.0
0.0
0.0
0.0
0.0
0.0
0.0
0.0
0.3
0.2
0.3
0.0
0.0
0.0
0.0
0.0
0.0
0.0
0.2
0.0
0.0
0.0
0.0
0.0
0.5
