0.0
0.0
0.0
0.0
0.0
0.0
0.0
0.0
0.3
0.1
0.0
0.0
0.0
0.0
0.1
0.0
0.0
0.0
1.9
1.8
0.0
0.1
0.0
0.1
0.0
0.1
0.3
0.0
0.0
0.6
0.1
0.0
0.0
0.0
0.2
0.4
13.2
11.4
0.0
0.0
0.1
0.0
0.2
17.8
34.7
8.2
0.1
0.6
1.0
0.2
6.9
0.3
0.0
0.0
8.0
0.0
0.1
0.0
0.1
0.0
0.0
0.0
1.2
9.8
35.4
0.2
0.8
0.3
0.2
0.0
0.0
0.0
0.0
0.0
0.0
0.0
0.0
0.0
14.0
0.5
0.0
0.0
0.0
0.0
0.0
0.0
0.0
0.0
0.2
0.0
1.1
0.2
0.0
0.0
0.3
0.0
0.0
0.0
0.0
0.0
0.0
0.0
0.0
0.0
0.0
0.0
0.0
0.0
0.0
0.0
0.0
0.0
0.0
0.0
5.8
0.8
21.6
1.0
3.3
0.2
0.0
0.0
0.0
0.0
0.3
0.0
0.0
0.0
0.0
0.0
0.0
7.9
0.2
0.0
0.0
0.0
0.0
0.0
0.0
0.0
0.0
1.3
0.2
0.3
2.3
0.5
0.0
0.0
0.0
0.0
0.0
5.3
0.5
