0.0
0.0
0.0
0.0
0.0
0.0
0.0
0.0
0.8
1.5
0.4
0.1
0.1
0.2
0.0
0.0
0.8
6.8
0.3
0.2
0.0
0.1
0.0
0.2
0.0
0.0
0.0
0.0
0.0
0.0
8.7
16.5
0.4
0.2
0.2
0.0
0.1
0.0
0.0
2.3
2.1
0.1
0.4
0.0
0.0
2.2
11.2
0.4
2.6
0.6
0.0
0.0
0.9
12.4
0.3
0.1
0.1
0.0
0.0
5.0
0.3
0.1
3.0
2.8
0.4
0.1
0.1
0.0
0.0
0.0
0.2
0.1
0.0
0.1
0.0
0.0
0.2
0.0
8.0
1.0
0.0
0.0
0.1
0.1
5.6
0.5
0.2
0.2
0.1
0.0
0.1
10.0
0.2
0.0
0.1
0.0
0.3
0.3
0.0
0.1
0.0
0.1
0.0
0.0
0.0
0.3
0.0
0.0
0.0
0.0
0.0
0.0
0.0
0.0
0.0
0.0
0.1
0.0
16.3
0.5
0.0
0.0
0.0
0.0
0.0
0.0
0.0
0.0
0.0
0.0
0.0
1.3
0.5
0.3
0.5
0.0
0.2
0.0
1.6
0.0
0.0
0.0
0.2
0.0
0.0
0.3
1.0
0.2
0.0
9.7
0.2
0.3
