0.3
0.0
0.0
0.5
1.8
0.7
3.8
0.3
0.0
0.2
0.0
0.0
0.3
0.0
0.0
0.2
11.2
4.6
0.0
0.0
6.1
0.8
0.0
0.0
12.4
0.5
0.0
0.0
0.0
11.4
0.3
0.2
0.0
0.0
0.3
0.0
0.0
1.3
0.0
0.2
0.0
0.0
0.0
1.5
3.9
0.0
0.0
0.0
0.0
0.0
0.5
1.0
1.0
1.3
0.7
0.3
0.2
5.4
0.2
0.0
0.0
0.0
0.0
0.3
0.0
1.5
5.3
0.8
0.3
0.0
0.2
0.0
0.5
0.0
0.0
0.0
0.0
0.0
0.3
0.2
31.3
0.5
0.2
0.8
1.3
0.2
0.3
0.0
0.0
0.0
0.0
0.0
0.0
0.2
0.0
0.0
0.0
0.0
0.0
0.0
0.0
1.3
11.9
0.8
0.5
0.5
0.0
3.1
1.0
0.5
0.0
0.0
1.2
1.8
0.5
0.0
0.3
0.5
0.2
0.0
0.0
0.0
3.4
0.5
0.0
0.0
0.0
0.0
0.7
0.0
0.0
10.9
8.2
0.0
0.2
0.5
0.0
0.0
0.0
0.0
0.0
1.6
0.2
0.5
0.3
0.0
2.3
0.5
3.5
0.3
