0.0
0.0
0.2
0.0
0.0
0.2
0.3
4.8
8.1
0.3
0.0
5.3
0.2
0.0
0.0
0.3
0.0
0.0
3.3
9.1
10.9
12.9
3.6
0.2
0.0
0.2
0.0
0.0
0.8
9.1
0.0
0.2
0.0
0.3
0.0
0.0
0.0
0.0
0.0
0.0
0.0
5.1
0.2
0.3
0.5
0.3
0.5
0.0
1.0
0.3
0.0
0.2
0.0
0.0
1.6
3.6
0.2
0.0
1.0
0.2
7.0
0.0
0.0
0.0
0.0
0.0
0.9
0.0
0.0
0.0
0.0
3.7
9.6
8.3
0.3
16.8
2.2
0.0
7.3
0.1
0.1
0.0
14.3
0.0
0.1
0.1
0.6
1.1
12.1
0.2
0.0
0.0
0.1
0.1
6.9
0.1
0.1
1.0
7.4
3.9
3.2
5.7
1.5
0.4
0.1
0.7
1.3
0.1
0.1
4.3
0.2
0.2
0.0
0.5
0.9
0.0
0.4
0.2
0.0
0.0
2.0
0.2
0.1
0.0
0.0
0.0
0.0
0.0
0.0
0.0
1.3
1.1
0.4
12.6
0.8
0.2
0.3
0.1
0.1
0.5
0.0
0.0
0.0
0.0
7.5
0.1
0.0
0.1
0.1
0.0
0.0
0.0
0.1
