0.0
0.5
0.0
0.2
0.0
0.0
0.0
0.1
0.3
0.0
0.0
0.0
0.0
6.4
1.9
5.3
0.7
0.1
0.1
0.0
0.1
0.0
0.0
0.0
0.0
0.0
0.1
0.5
4.5
18.7
0.5
0.0
0.4
1.7
0.1
0.2
0.1
0.0
0.2
0.0
0.0
0.0
1.9
0.1
0.6
0.1
0.1
4.1
0.4
0.1
0.2
0.0
0.0
3.9
0.3
0.3
0.0
0.0
0.2
0.3
1.0
0.1
0.0
0.1
11.0
3.2
0.1
0.0
0.2
0.1
0.0
0.1
0.0
0.7
0.1
0.0
3.4
12.4
0.3
0.0
0.5
0.0
0.0
0.0
0.0
0.0
0.0
0.0
0.2
0.2
0.0
0.0
0.0
0.0
0.0
0.0
0.0
1.0
0.2
0.0
0.3
0.0
0.0
0.0
0.0
0.0
0.2
0.5
0.2
2.6
0.3
0.0
4.6
0.7
0.0
0.3
0.0
0.0
0.2
0.0
0.0
0.0
0.2
0.0
0.0
0.8
3.5
29.2
1.1
0.5
0.2
0.2
0.0
0.3
0.0
0.0
0.0
3.3
0.8
0.5
0.2
0.3
0.5
4.8
0.0
0.3
0.0
0.0
0.0
0.0
0.0
0.2
0.0
