0.0
0.0
0.0
0.0
0.0
1.7
0.0
4.3
4.9
0.7
0.2
0.0
0.0
0.0
0.0
0.0
0.0
0.0
0.0
0.0
0.0
0.0
0.0
3.3
0.0
0.0
2.3
0.2
0.2
0.0
0.0
0.0
0.0
1.2
0.3
0.0
0.0
0.0
0.0
25.0
5.2
0.0
0.0
0.0
1.9
1.8
0.0
0.0
0.9
0.0
0.0
0.0
0.0
0.0
0.0
0.0
0.0
0.0
0.0
0.0
0.0
0.0
0.0
0.0
0.0
0.0
0.0
0.0
0.0
0.0
0.0
11.1
0.0
0.0
0.0
0.0
0.0
0.0
0.0
0.0
0.0
0.0
0.0
0.0
0.0
0.0
0.0
0.6
1.6
0.0
0.0
0.0
0.0
0.0
0.0
0.0
0.3
0.0
0.0
0.9
1.7
0.0
0.0
0.0
0.0
0.0
0.1
0.0
0.0
0.1
0.0
0.0
10.2
3.6
0.1
0.0
0.0
0.0
0.0
0.0
0.1
0.3
9.6
0.0
0.0
0.0
0.0
0.0
0.0
0.0
0.0
0.0
0.0
0.0
1.5
0.0
0.0
0.0
0.1
0.3
0.0
7.3
0.0
0.6
0.8
0.2
0.0
0.0
0.0
0.0
0.0
0.0
0.0
