0.2000
0.2000
0.2000
0.2000
0.2000
0.2000
0.2000
0.2163
0.2203
0.2260
0.2386
0.2407
0.2441
0.2540
0.2685
0.2878
0.3185
0.3541
0.3743
0.3776
0.3791
0.3826
0.3885
0.4034
0.4230
0.4453
0.4671
0.4861
0.5088
0.5217
0.5396
0.5664
0.5941
0.6256
0.6628
0.6947
0.7310
0.7739
0.8064
0.8368
0.8583
0.8783
0.8977
0.9197
0.9348
0.9492
0.9645
0.9807
0.9982
1.0150
1.0355
1.0534
1.0734
1.0942
1.1095
1.1218
1.1356
1.1502
1.1641
1.1782
1.1909
1.2016
1.2126
1.2230
1.2291
1.2337
1.2368
1.2406
1.2433
1.2448
1.2449
1.2443
1.2427
1.2404
1.2371
1.2332
1.2291
1.2231
1.2154
1.2042
1.1903
1.1740
1.1595
1.1415
1.1203
1.0975
1.0753
1.0511
1.0242
0.9941
0.9604
0.9360
0.9096
0.8754
0.8536
0.8205
0.7809
0.7450
0.7046
0.6632
0.6246
0.5918
0.5460
0.4985
0.4444
0.3906
0.3296
0.2588
0.2000
0.2000
0.2000
0.2000
0.2000
0.2000
0.2000
0.2000
0.2000
0.2000
0.2000
0.2000
0.2000
0.2000
0.2000
0.2000
0.2000
0.2000
0.2000
0.2000
0.2000
0.2000
0.2000
0.2000
0.2000
0.2000
0.2000
0.2000
0.2000
0.2000
0.2000
0.2000
0.2000
0.2000
0.2000
0.2000
0.2000
0.2000
0.2000
0.2000
0.2000
0.2000
0.2000
0.2000
0.2000
