0.2000
0.2000
0.2000
0.2000
0.2000
0.2000
0.2000
0.2000
0.2000
0.2000
0.2000
0.2000
0.2000
0.2000
0.2000
0.2000
0.2000
0.2000
0.2000
0.2000
0.2111
0.2388
0.2685
0.2942
0.3211
0.3475
0.3768
0.3910
0.4069
0.4253
0.4589
0.4908
0.5113
0.5358
0.5612
0.5901
0.6235
0.6582
0.7023
0.7338
0.7646
0.8012
0.8204
0.8350
0.8493
0.8626
0.8844
0.8992
0.9205
0.9449
0.9652
0.9790
0.9989
1.0170
1.0367
1.0598
1.0856
1.1102
1.1342
1.1534
1.1701
1.1838
1.1975
1.2113
1.2197
1.2244
1.2299
1.2351
1.2398
1.2436
1.2449
1.2440
1.2406
1.2358
1.2296
1.2217
1.2159
1.2114
1.2010
1.1880
1.1737
1.1541
1.1363
1.1195
1.0975
1.0725
1.0500
1.0339
1.0097
0.9813
0.9491
0.9103
0.8659
0.8242
0.7750
0.7232
0.6825
0.6530
0.6141
0.5640
0.5042
0.4399
0.3639
0.2888
0.2042
0.2000
0.2000
0.2000
0.2000
0.2000
0.2000
0.2000
0.2000
0.2000
0.2000
0.2000
0.2000
0.2000
0.2000
0.2000
0.2000
0.2000
0.2000
0.2000
0.2000
0.2000
0.2000
0.2000
0.2000
0.2000
0.2000
0.2000
0.2000
0.2000
0.2000
0.2000
0.2000
0.2000
0.2000
0.2000
0.2000
0.2000
0.2000
0.2000
0.2000
0.2000
0.2000
0.2000
0.2000
0.2000
0.2000
0.2000
0.2000
