0.2000
0.2000
0.2000
0.2000
0.2000
0.2000
0.2000
0.2000
0.2000
0.2000
0.2000
0.2000
0.2000
0.2000
0.2027
0.2271
0.2326
0.2412
0.2464
0.2532
0.2688
0.2795
0.2890
0.3035
0.3229
0.3437
0.3702
0.4024
0.4255
0.4405
0.4579
0.4780
0.5049
0.5288
0.5502
0.5752
0.6019
0.6266
0.6459
0.6668
0.6969
0.7306
0.7554
0.7787
0.8082
0.8271
0.8352
0.8429
0.8475
0.8595
0.8783
0.8973
0.9232
0.9539
0.9798
0.9999
1.0197
1.0359
1.0490
1.0647
1.0798
1.0948
1.1100
1.1216
1.1363
1.1506
1.1653
1.1807
1.1961
1.2095
1.2217
1.2314
1.2375
1.2418
1.2442
1.2450
1.2436
1.2395
1.2337
1.2250
1.2134
1.1988
1.1817
1.1606
1.1364
1.1107
1.0889
1.0704
1.0447
1.0118
0.9765
0.9349
0.8901
0.8417
0.7967
0.7563
0.7122
0.6757
0.6418
0.6062
0.5671
0.5200
0.4711
0.4137
0.3516
0.2859
0.2253
0.2000
0.2000
0.2000
0.2000
0.2000
0.2000
0.2000
0.2000
0.2000
0.2000
0.2000
0.2000
0.2000
0.2000
0.2000
0.2000
0.2000
0.2000
0.2000
0.2000
0.2000
0.2000
0.2000
0.2000
0.2000
0.2000
0.2000
0.2000
0.2000
0.2000
0.2000
0.2000
0.2000
0.2000
0.2000
0.2000
0.2000
0.2000
0.2000
0.2000
0.2000
0.2000
0.2000
0.2000
0.2000
0.2000
