0.2000
0.2000
0.2000
0.2000
0.2000
0.2000
0.2000
0.2000
0.2082
0.2286
0.2495
0.2727
0.2981
0.3231
0.3580
0.3933
0.4177
0.4360
0.4745
0.5125
0.5533
0.5859
0.6117
0.6356
0.6591
0.6840
0.7051
0.7319
0.7654
0.7987
0.8259
0.8445
0.8646
0.8848
0.9122
0.9407
0.9605
0.9865
1.0137
1.0346
1.0560
1.0784
1.1004
1.1222
1.1338
1.1429
1.1566
1.1708
1.1798
1.1870
1.1918
1.1979
1.2051
1.2130
1.2210
1.2283
1.2346
1.2396
1.2432
1.2449
1.2442
1.2410
1.2380
1.2341
1.2294
1.2225
1.2136
1.2033
1.1900
1.1718
1.1526
1.1376
1.1178
1.0969
1.0732
1.0470
1.0155
0.9798
0.9495
0.9191
0.8801
0.8350
0.7815
0.7238
0.6625
0.5992
0.5460
0.5053
0.4704
0.4168
0.3504
0.2772
0.2086
0.2000
0.2000
0.2000
0.2000
0.2000
0.2000
0.2000
0.2000
0.2000
0.2000
0.2000
0.2000
0.2000
0.2000
0.2000
0.2000
0.2000
0.2000
0.2000
0.2000
0.2000
0.2000
0.2000
0.2000
0.2000
0.2000
0.2000
0.2000
0.2000
0.2000
0.2000
0.2000
0.2000
0.2000
0.2000
0.2000
0.2000
0.2000
0.2000
0.2000
0.2000
0.2000
0.2000
0.2000
0.2000
0.2000
0.2000
0.2000
0.2000
0.2000
0.2000
0.2000
0.2000
0.2000
0.2000
0.2000
0.2000
0.2000
0.2000
0.2000
