0.2000
0.2000
0.2000
0.2000
0.2000
0.2000
0.2000
0.2000
0.2000
0.2000
0.2000
0.2000
0.2000
0.2000
0.2192
0.2485
0.2709
0.2846
0.2896
0.2911
0.2945
0.3038
0.3254
0.3495
0.3740
0.4044
0.4320
0.4567
0.4750
0.4895
0.5059
0.5268
0.5500
0.5736
0.5965
0.6215
0.6404
0.6564
0.6777
0.7073
0.7388
0.7690
0.7950
0.8059
0.8131
0.8301
0.8511
0.8743
0.8975
0.9212
0.9359
0.9583
0.9835
1.0016
1.0084
1.0225
1.0403
1.0608
1.0799
1.0981
1.1127
1.1282
1.1413
1.1493
1.1592
1.1703
1.1806
1.1927
1.2055
1.2166
1.2243
1.2310
1.2373
1.2419
1.2443
1.2449
1.2430
1.2394
1.2359
1.2288
1.2202
1.2083
1.1967
1.1844
1.1681
1.1525
1.1336
1.1110
1.0838
1.0528
1.0212
0.9843
0.9454
0.9103
0.8704
0.8308
0.8041
0.7722
0.7232
0.6619
0.6118
0.5561
0.4851
0.4164
0.3380
0.2655
0.2000
0.2000
0.2000
0.2000
0.2000
0.2000
0.2000
0.2000
0.2000
0.2000
0.2000
0.2000
0.2000
0.2000
0.2000
0.2000
0.2000
0.2000
0.2000
0.2000
0.2000
0.2000
0.2000
0.2000
0.2000
0.2000
0.2000
0.2000
0.2000
0.2000
0.2000
0.2000
0.2000
0.2000
0.2000
0.2000
0.2000
0.2000
0.2000
0.2000
0.2000
0.2000
0.2000
0.2000
0.2000
0.2000
0.2000
