0.2000
0.2000
0.2000
0.2000
0.2000
0.2000
0.2000
0.2000
0.2000
0.2000
0.2260
0.2495
0.2652
0.2774
0.2903
0.3028
0.3061
0.3190
0.3398
0.3641
0.3925
0.4243
0.4624
0.4824
0.4988
0.5198
0.5523
0.5821
0.6108
0.6434
0.6815
0.7142
0.7432
0.7753
0.8066
0.8253
0.8475
0.8747
0.9025
0.9227
0.9378
0.9558
0.9766
0.9908
1.0062
1.0230
1.0412
1.0567
1.0743
1.0903
1.1116
1.1239
1.1325
1.1439
1.1560
1.1698
1.1859
1.1982
1.2069
1.2143
1.2229
1.2308
1.2373
1.2422
1.2445
1.2449
1.2431
1.2384
1.2309
1.2204
1.2097
1.2009
1.1884
1.1686
1.1486
1.1260
1.1007
1.0829
1.0620
1.0359
1.0021
0.9719
0.9360
0.8893
0.8609
0.8281
0.7826
0.7250
0.6698
0.6145
0.5467
0.4869
0.4380
0.3960
0.3409
0.2904
0.2432
0.2000
0.2000
0.2000
0.2000
0.2000
0.2000
0.2000
0.2000
0.2000
0.2000
0.2000
0.2000
0.2000
0.2000
0.2000
0.2000
0.2000
0.2000
0.2000
0.2000
0.2000
0.2000
0.2000
0.2000
0.2000
0.2000
0.2000
0.2000
0.2000
0.2000
0.2000
0.2000
0.2000
0.2000
0.2000
0.2000
0.2000
0.2000
0.2000
0.2000
0.2000
0.2000
0.2000
0.2000
0.2000
0.2000
0.2000
0.2000
0.2000
0.2000
0.2000
0.2000
0.2000
0.2000
0.2000
0.2000
