0.2000
0.2000
0.2000
0.2000
0.2000
0.2000
0.2000
0.2000
0.2087
0.2179
0.2205
0.2373
0.2662
0.3009
0.3431
0.3821
0.3958
0.4039
0.4162
0.4433
0.4757
0.5093
0.5442
0.5835
0.6245
0.6571
0.6898
0.7271
0.7528
0.7741
0.7817
0.7950
0.8188
0.8451
0.8733
0.8924
0.9157
0.9414
0.9717
0.9928
1.0058
1.0186
1.0347
1.0549
1.0678
1.0794
1.0886
1.1016
1.1130
1.1274
1.1425
1.1580
1.1726
1.1826
1.1953
1.2073
1.2156
1.2230
1.2288
1.2332
1.2372
1.2408
1.2424
1.2435
1.2446
1.2449
1.2432
1.2392
1.2347
1.2278
1.2200
1.2100
1.1976
1.1795
1.1688
1.1545
1.1352
1.1107
1.0850
1.0592
1.0283
1.0019
0.9779
0.9504
0.9254
0.8973
0.8664
0.8347
0.7967
0.7545
0.7025
0.6530
0.5955
0.5348
0.4810
0.4320
0.3859
0.3199
0.2487
0.2000
0.2000
0.2000
0.2000
0.2000
0.2000
0.2000
0.2000
0.2000
0.2000
0.2000
0.2000
0.2000
0.2000
0.2000
0.2000
0.2000
0.2000
0.2000
0.2000
0.2000
0.2000
0.2000
0.2000
0.2000
0.2000
0.2000
0.2000
0.2000
0.2000
0.2000
0.2000
0.2000
0.2000
0.2000
0.2000
0.2000
0.2000
0.2000
0.2000
0.2000
0.2000
0.2000
0.2000
0.2000
0.2000
0.2000
0.2000
0.2000
0.2000
0.2000
0.2000
0.2000
