0.2000
0.2000
0.2000
0.2000
0.2000
0.2000
0.2000
0.2000
0.2000
0.2000
0.2000
0.2000
0.2000
0.2000
0.2000
0.2066
0.2072
0.2053
0.2106
0.2137
0.2187
0.2354
0.2602
0.2810
0.2994
0.3157
0.3365
0.3580
0.3890
0.4220
0.4475
0.4824
0.5254
0.5662
0.5969
0.6263
0.6523
0.6659
0.6784
0.6989
0.7238
0.7503
0.7796
0.8135
0.8368
0.8615
0.8873
0.9126
0.9369
0.9530
0.9629
0.9748
0.9913
1.0076
1.0225
1.0387
1.0556
1.0685
1.0846
1.1021
1.1173
1.1326
1.1410
1.1526
1.1601
1.1677
1.1808
1.1914
1.2004
1.2097
1.2197
1.2289
1.2358
1.2410
1.2439
1.2449
1.2445
1.2429
1.2404
1.2374
1.2349
1.2304
1.2231
1.2113
1.1991
1.1845
1.1674
1.1477
1.1310
1.1104
1.0853
1.0596
1.0287
0.9905
0.9546
0.9233
0.8852
0.8492
0.8111
0.7657
0.7283
0.7037
0.6676
0.6341
0.5999
0.5599
0.5121
0.4814
0.4522
0.3960
0.3496
0.2946
0.2185
0.2000
0.2000
0.2000
0.2000
0.2000
0.2000
0.2000
0.2000
0.2000
0.2000
0.2000
0.2000
0.2000
0.2000
0.2000
0.2000
0.2000
0.2000
0.2000
0.2000
0.2000
0.2000
0.2000
0.2000
0.2000
0.2000
0.2000
0.2000
0.2000
0.2000
0.2000
0.2000
0.2000
0.2000
0.2000
0.2000
0.2000
