0.2000
0.2000
0.2000
0.2000
0.2000
0.2000
0.2000
0.2000
0.2000
0.2000
0.2000
0.2000
0.2000
0.2000
0.2000
0.2000
0.2048
0.2299
0.2534
0.2678
0.2748
0.2880
0.3012
0.3236
0.3506
0.3755
0.3951
0.4192
0.4520
0.4895
0.5215
0.5480
0.5767
0.6054
0.6252
0.6450
0.6668
0.6804
0.6936
0.7113
0.7378
0.7669
0.8006
0.8253
0.8433
0.8621
0.8812
0.8943
0.9092
0.9288
0.9536
0.9788
1.0041
1.0329
1.0562
1.0766
1.1002
1.1145
1.1223
1.1318
1.1394
1.1498
1.1592
1.1723
1.1845
1.1942
1.2038
1.2116
1.2175
1.2243
1.2307
1.2364
1.2407
1.2429
1.2444
1.2450
1.2440
1.2417
1.2384
1.2339
1.2284
1.2201
1.2075
1.1928
1.1793
1.1686
1.1549
1.1362
1.1113
1.0821
1.0539
1.0212
0.9870
0.9469
0.9084
0.8739
0.8323
0.7859
0.7505
0.7125
0.6810
0.6337
0.5885
0.5498
0.5078
0.4593
0.3987
0.3332
0.2508
0.2000
0.2000
0.2000
0.2000
0.2000
0.2000
0.2000
0.2000
0.2000
0.2000
0.2000
0.2000
0.2000
0.2000
0.2000
0.2000
0.2000
0.2000
0.2000
0.2000
0.2000
0.2000
0.2000
0.2000
0.2000
0.2000
0.2000
0.2000
0.2000
0.2000
0.2000
0.2000
0.2000
0.2000
0.2000
0.2000
0.2000
0.2000
0.2000
0.2000
0.2000
0.2000
0.2000
0.2000
