0.2000
0.2000
0.2000
0.2000
0.2000
0.2000
0.2000
0.2000
0.2000
0.2000
0.2000
0.2000
0.2000
0.2000
0.2000
0.2174
0.2581
0.2813
0.2888
0.2813
0.2815
0.2784
0.2841
0.2989
0.3164
0.3434
0.3638
0.3854
0.4102
0.4450
0.4819
0.5259
0.5738
0.6170
0.6486
0.6680
0.6853
0.6971
0.7091
0.7236
0.7444
0.7654
0.7973
0.8380
0.8731
0.8975
0.9227
0.9442
0.9631
0.9835
1.0065
1.0370
1.0615
1.0768
1.0959
1.1203
1.1429
1.1639
1.1826
1.1990
1.2130
1.2246
1.2327
1.2383
1.2416
1.2440
1.2450
1.2443
1.2418
1.2362
1.2299
1.2218
1.2112
1.1969
1.1784
1.1603
1.1373
1.1224
1.1071
1.0821
1.0556
1.0246
0.9937
0.9591
0.9247
0.8884
0.8461
0.7986
0.7427
0.6890
0.6269
0.5599
0.4920
0.4187
0.3568
0.2875
0.2042
0.2000
0.2000
0.2000
0.2000
0.2000
0.2000
0.2000
0.2000
0.2000
0.2000
0.2000
0.2000
0.2000
0.2000
0.2000
0.2000
0.2000
0.2000
0.2000
0.2000
0.2000
0.2000
0.2000
0.2000
0.2000
0.2000
0.2000
0.2000
0.2000
0.2000
0.2000
0.2000
0.2000
0.2000
0.2000
0.2000
0.2000
0.2000
0.2000
0.2000
0.2000
0.2000
0.2000
0.2000
0.2000
0.2000
0.2000
0.2000
0.2000
0.2000
0.2000
0.2000
0.2000
0.2000
0.2000
