8.7
9.0
12.2
16.6
20.7
17.1
9.8
11.9
13.6
15.3
16.9
15.1
7.2
6.5
8.3
7.6
7.5
11.4
12.9
15.2
17.3
19.7
22.5
12.0
12.7
15.5
18.2
15.2
15.8
19.5
21.1
19.8
14.4
17.7
17.1
16.2
18.4
21.6
23.1
13.5
11.9
11.9
18.2
16.3
14.1
15.2
14.9
15.4
15.7
15.8
16.1
13.6
11.5
15.0
16.4
19.9
21.6
14.4
13.6
16.6
20.5
18.9
20.6
18.6
18.5
19.9
21.3
23.0
21.8
22.2
18.3
15.6
17.3
19.6
19.3
23.0
15.5
13.3
15.2
17.1
18.0
15.0
19.6
17.5
11.4
17.5
20.6
20.8
18.2
20.1
19.5
16.7
13.6
15.7
18.8
15.7
14.4
17.3
14.7
15.8
18.5
19.3
18.5
20.8
19.4
16.0
16.3
17.3
18.2
17.1
14.5
13.7
15.4
20.1
21.4
17.4
14.8
16.4
19.5
19.6
19.4
18.2
17.0
15.3
16.5
14.7
13.5
16.8
17.9
20.7
18.3
15.6
14.5
18.1
13.6
8.7
7.8
6.5
8.5
9.8
10.4
5.0
4.8
3.7
4.9
8.0
10.9
14.3
14.4
15.5
16.0
15.4
12.0
