1.2
3.4
2.0
1.4
3.6
8.0
8.0
9.6
13.2
14.9
14.9
18.8
13.6
12.1
8.7
10.4
12.4
11.2
11.5
12.6
13.2
15.6
16.3
12.6
13.3
14.4
17.3
19.5
21.7
16.8
15.4
19.8
18.0
15.3
12.4
12.3
10.2
5.7
8.7
10.0
12.7
16.2
21.4
19.4
16.1
16.5
17.5
19.5
17.6
9.9
11.2
13.7
14.8
15.5
13.0
13.9
13.8
14.7
16.4
13.2
17.0
12.0
12.2
13.2
13.2
13.7
15.8
15.7
15.7
13.3
14.4
16.2
20.0
19.4
18.5
16.8
16.1
16.9
13.4
13.9
17.1
18.9
20.9
22.5
18.3
16.6
19.8
17.1
16.6
17.7
17.3
17.2
18.7
20.7
16.8
17.7
19.5
15.4
16.3
19.8
13.9
13.4
13.8
15.1
16.2
17.5
19.4
13.4
11.9
12.1
13.2
17.3
20.5
17.1
14.7
15.1
14.8
13.0
14.1
14.5
12.4
12.2
11.7
12.4
15.5
17.0
18.0
16.3
16.0
16.4
11.3
10.9
9.5
10.8
13.7
14.9
13.5
14.5
14.0
12.7
11.0
12.2
13.1
13.1
16.3
12.1
11.1
10.7
7.3
1.5
1.7
1.7
1.5
