9.9
9.0
8.2
12.9
14.6
12.7
8.5
5.5
4.0
2.9
11.3
12.8
12.5
11.0
13.4
15.4
11.8
8.9
6.6
7.2
8.7
12.2
15.1
13.6
13.9
14.2
16.5
14.5
11.2
12.6
13.1
14.2
15.7
19.2
18.9
17.9
12.1
13.7
15.9
17.1
19.0
17.7
14.3
16.1
13.0
14.6
16.7
16.6
17.1
16.9
16.5
17.1
15.7
12.3
12.8
16.0
18.2
15.9
17.0
16.0
17.7
16.2
12.1
14.5
16.1
14.1
16.1
18.1
18.6
18.1
18.8
20.1
23.5
18.0
19.9
23.2
22.7
20.3
21.8
20.7
18.9
21.0
18.6
19.1
20.7
18.3
20.2
22.9
24.7
23.3
21.7
18.3
19.2
17.0
16.5
15.8
13.7
17.0
22.6
19.6
17.8
20.9
22.0
21.7
24.1
20.5
21.4
21.4
20.9
22.3
24.7
23.5
20.6
20.7
21.4
21.5
22.6
22.8
16.7
17.2
19.1
22.8
23.7
19.8
21.3
23.2
22.5
16.6
14.4
13.8
11.8
11.8
15.1
18.5
15.1
14.7
14.5
15.6
14.8
11.8
11.5
9.4
9.8
11.6
13.7
12.5
13.5
13.5
18.9
18.1
16.8
14.2
14.2
