10.2
11.4
11.4
5.6
10.2
14.4
13.6
9.5
6.9
4.2
7.3
8.7
9.4
6.6
10.7
16.3
17.2
12.6
12.8
14.1
6.9
4.1
8.9
15.5
16.9
12.7
10.9
13.3
15.5
18.6
18.9
15.2
16.1
12.9
11.5
13.6
12.0
8.5
11.2
14.8
16.3
18.3
20.3
19.1
15.4
14.1
15.3
12.6
12.9
15.6
18.2
15.7
20.0
20.5
17.5
18.9
17.3
15.0
14.0
15.7
14.4
14.8
14.5
17.3
15.6
15.3
17.5
16.2
14.5
16.8
16.8
19.7
16.3
14.3
17.8
17.1
17.5
17.1
17.3
17.0
18.8
19.3
19.7
18.2
15.5
15.7
18.5
21.9
23.8
23.3
22.5
22.2
22.9
23.8
18.7
18.8
22.0
22.2
15.2
14.1
16.1
17.4
14.5
13.7
15.9
16.1
17.9
21.6
22.0
23.1
20.4
18.9
18.1
16.5
16.5
16.5
14.7
15.2
15.1
15.7
13.9
11.2
12.0
17.0
13.7
13.8
16.4
15.2
12.1
7.8
12.1
14.7
18.8
15.7
9.9
9.6
8.5
8.4
10.2
12.8
14.4
13.0
15.5
12.0
13.4
14.6
15.8
13.1
12.6
11.2
15.1
13.2
8.6
