9.0
6.8
6.1
10.7
9.0
0.6
4.4
6.7
10.5
10.1
9.8
11.3
11.6
12.0
13.3
9.7
6.9
11.4
14.0
16.4
17.8
18.8
19.7
20.5
19.8
19.1
18.2
10.9
11.1
13.6
15.4
14.0
12.7
17.0
16.6
17.5
20.9
21.2
19.9
18.0
18.0
17.7
13.2
10.4
11.4
13.9
15.9
13.2
15.4
15.7
12.9
14.7
16.6
17.6
20.0
22.3
23.2
24.2
25.3
18.7
17.7
20.1
22.9
22.5
17.6
15.3
17.3
16.0
21.9
25.8
24.0
23.6
22.1
20.8
20.0
20.0
14.1
16.0
19.9
19.8
21.2
17.9
14.7
15.3
18.7
16.2
15.9
17.5
18.3
17.4
19.2
21.6
18.4
20.6
23.1
18.5
15.3
15.8
17.7
21.0
21.5
21.7
22.4
23.2
23.0
18.4
12.1
12.3
13.8
15.5
19.7
16.1
10.4
11.7
15.8
16.7
17.8
17.3
19.4
20.8
19.8
17.7
16.3
14.3
13.7
10.1
8.4
9.9
7.0
9.8
11.0
12.2
15.3
18.9
17.1
11.6
8.8
7.0
7.6
8.6
11.9
13.6
9.7
6.4
7.0
9.1
12.3
11.1
10.1
5.4
8.2
11.1
13.5
