4.9
7.7
6.3
7.7
11.3
10.0
7.5
11.2
14.8
18.1
15.3
13.5
13.7
16.0
12.2
9.5
6.7
7.9
6.7
7.1
9.7
9.7
8.6
10.3
12.6
11.9
14.9
16.6
13.9
12.1
12.3
14.3
15.3
12.2
13.0
14.3
14.6
14.2
7.0
10.4
15.5
15.9
11.6
15.6
16.5
13.2
11.7
9.4
9.4
12.2
15.7
16.9
18.1
20.2
16.4
14.8
18.3
15.4
15.4
18.1
17.8
17.7
17.6
15.4
17.8
19.6
20.3
21.0
24.9
25.8
27.3
24.1
19.2
17.8
18.6
20.7
24.4
26.3
26.8
25.3
24.7
26.7
26.8
23.9
20.6
13.1
14.4
16.9
20.3
20.1
19.4
20.8
20.5
20.8
21.2
18.4
16.0
15.7
16.0
16.8
18.3
20.0
21.3
21.7
20.3
19.5
18.8
16.7
17.0
18.3
20.5
21.2
18.3
15.2
20.2
16.8
16.2
18.9
16.2
13.3
16.0
15.8
18.0
20.8
22.1
19.2
15.7
16.5
20.4
20.8
21.4
16.3
12.5
13.5
11.6
13.1
12.8
13.0
13.5
15.1
14.7
11.8
9.6
10.1
13.3
14.3
17.6
18.6
12.4
13.6
11.0
8.1
7.7
