19.2
19.1
21.1
22.8
19.0
13.2
11.3
12.2
12.6
13.5
13.7
16.2
20.5
21.1
22.3
17.7
14.3
12.6
18.0
17.0
20.7
17.5
15.5
13.6
13.9
16.1
19.9
19.1
18.3
17.7
15.2
13.7
16.9
18.8
22.2
16.3
16.6
21.7
22.1
23.6
22.9
21.3
22.0
22.5
12.8
13.1
15.4
12.5
11.3
10.9
9.5
13.0
16.0
18.4
20.5
18.4
20.0
20.8
21.5
22.4
22.0
17.0
12.6
13.5
15.4
18.4
19.0
19.7
21.3
22.9
17.7
17.4
18.9
18.9
18.6
18.4
19.4
18.2
16.1
18.9
20.3
21.7
22.9
21.2
22.1
17.7
12.9
13.0
13.4
15.5
19.4
18.1
18.5
19.2
18.4
18.0
18.0
18.9
19.1
16.5
15.6
16.5
18.3
18.3
20.9
22.0
21.6
19.0
21.0
11.9
11.7
13.6
15.2
16.5
14.9
15.1
15.8
18.5
19.5
20.6
22.7
21.3
18.2
18.6
18.5
13.3
10.5
10.5
12.0
13.6
15.0
15.7
17.5
18.7
16.7
14.5
12.5
15.7
15.7
14.3
11.5
11.0
10.6
10.5
14.6
16.7
14.0
13.2
15.8
12.1
10.5
7.3
5.0
