10.7
6.4
6.0
9.0
10.6
14.2
10.0
5.9
8.1
9.4
10.6
12.5
15.3
14.0
16.8
19.1
15.3
7.2
2.4
2.4
6.2
10.6
12.6
11.8
9.6
11.8
17.2
11.3
14.9
17.9
20.0
21.9
23.5
22.6
19.3
13.9
14.9
13.1
11.3
13.5
12.0
14.7
15.7
19.5
21.0
18.3
16.6
13.1
15.2
16.1
16.1
20.0
22.3
17.9
20.3
22.4
25.2
25.6
27.3
29.7
30.5
29.2
25.4
22.6
17.4
17.5
15.6
20.7
23.9
24.9
23.5
20.8
21.6
22.4
24.6
24.3
19.6
14.8
13.5
16.7
16.1
17.6
13.5
18.5
19.2
19.7
19.4
20.0
21.6
23.4
23.6
25.0
23.6
19.8
22.4
23.2
24.1
19.1
16.3
15.2
19.3
19.9
19.8
18.1
23.1
24.7
23.3
18.7
14.9
16.7
17.4
16.1
15.8
12.6
9.1
12.4
15.5
17.4
17.2
17.0
18.9
17.5
12.5
9.8
12.7
13.7
17.3
18.4
17.5
16.2
18.2
16.6
15.2
15.2
12.4
12.8
14.4
11.4
9.1
9.6
11.6
9.6
10.7
13.5
13.4
9.5
12.3
13.8
15.7
15.5
13.2
10.5
12.6
