9.8
12.0
12.6
14.9
16.2
17.9
18.6
17.9
8.4
5.4
11.4
17.4
17.8
19.1
20.6
19.0
11.7
12.7
16.2
17.0
19.1
20.6
23.0
20.7
19.8
16.5
17.4
21.1
13.9
9.2
9.9
10.1
12.8
16.1
14.9
13.7
17.3
20.4
21.3
19.9
10.4
10.6
13.2
14.1
14.5
13.8
16.2
18.1
20.6
22.0
22.7
23.7
20.0
20.4
22.5
21.9
15.4
16.4
16.6
17.9
15.7
14.7
13.0
13.9
16.3
20.5
22.7
16.6
16.0
20.6
20.3
20.1
21.0
16.8
14.3
18.2
22.7
24.3
20.5
19.9
16.3
13.9
15.8
14.5
15.2
15.6
17.9
18.9
20.8
22.9
21.6
21.2
22.3
17.3
16.5
16.9
18.7
21.5
20.5
20.8
24.5
24.1
17.2
10.8
13.0
19.6
18.0
19.4
19.7
16.1
15.1
15.5
18.0
18.1
15.3
9.9
11.8
12.7
10.0
13.8
14.3
12.5
12.3
12.0
12.0
10.5
9.5
12.6
14.5
18.0
13.5
10.1
7.9
9.1
2.6
1.8
1.6
2.0
3.1
5.5
6.3
4.3
0.7
3.2
7.5
9.2
9.9
5.3
3.6
0.8
1.0
