15.6
19.7
21.7
20.5
13.9
13.7
19.7
13.1
7.3
8.4
9.3
7.5
8.9
12.1
14.2
18.4
18.3
17.7
12.5
4.7
4.6
6.1
7.6
12.0
14.5
15.1
12.1
11.5
12.6
9.5
13.2
16.4
15.7
16.9
19.5
18.9
22.5
22.6
20.7
15.1
14.9
11.7
13.7
16.1
14.6
13.5
12.2
13.2
16.2
17.4
18.8
17.3
18.0
17.4
15.4
16.3
18.9
20.9
21.2
20.7
18.5
18.7
19.1
18.8
16.6
16.2
15.9
17.0
17.3
16.9
15.5
17.2
19.0
18.0
17.1
16.5
17.8
17.1
19.5
20.8
18.9
19.1
20.7
18.5
20.0
20.4
20.5
20.3
19.4
21.0
16.9
14.5
16.9
18.7
17.4
18.3
19.1
20.3
19.5
18.2
17.5
16.9
18.5
18.0
20.3
19.8
20.6
20.3
18.0
15.4
15.8
18.0
18.1
13.4
13.0
15.2
14.9
15.5
15.0
10.8
12.9
17.1
19.3
16.5
11.7
9.8
7.7
11.1
10.8
12.1
11.3
12.8
14.8
7.4
7.9
12.5
16.4
16.9
16.9
15.4
11.5
9.8
8.2
9.1
10.4
10.0
10.9
9.8
14.8
11.8
8.1
9.7
10.5
