2.0
3.9
3.6
3.6
4.3
1.3
1.0
4.2
6.0
6.0
4.4
4.0
3.5
5.6
3.2
1.7
2.2
4.0
1.6
1.7
2.9
2.5
2.3
3.3
4.4
2.1
4.9
4.9
4.7
5.3
5.2
5.6
4.7
1.8
4.0
6.6
6.8
6.3
2.2
2.9
4.8
5.4
1.9
5.6
5.3
5.0
4.4
3.9
3.2
4.3
5.1
5.4
6.2
6.2
6.3
2.9
4.8
1.4
4.9
5.6
4.3
4.3
5.4
2.3
5.1
6.1
5.7
5.7
6.8
6.9
7.4
6.5
6.0
3.7
4.8
4.7
5.4
6.6
6.3
5.7
4.9
6.0
6.9
5.5
2.4
1.2
2.3
3.8
5.2
5.0
4.4
5.5
5.1
5.4
5.8
3.8
1.6
3.2
3.2
4.3
5.2
6.1
5.8
5.7
4.6
4.1
4.4
1.0
2.4
3.3
4.6
5.0
3.7
2.3
5.5
2.5
4.0
4.8
3.3
1.3
3.9
3.2
3.4
4.4
4.8
3.8
3.7
3.7
4.5
3.6
4.3
3.8
2.8
2.1
0.9
2.7
2.0
2.6
2.7
3.0
2.9
2.3
2.0
2.6
2.4
2.3
2.9
3.1
2.9
3.4
2.3
1.7
2.7
