1.1
1.1
1.1
0.1
0.0
0.0
0.5
0.2
0.0
0.0
0.0
0.0
0.0
0.5
11.2
0.0
0.0
0.0
0.0
0.0
0.0
0.0
0.0
0.8
0.0
0.0
0.0
0.0
0.0
0.0
0.0
0.0
0.0
0.0
1.9
1.1
6.1
18.7
1.7
6.6
1.4
0.1
0.2
1.9
1.5
0.0
0.0
0.0
0.5
29.0
17.5
0.0
0.0
0.1
2.1
3.8
3.4
2.5
8.6
4.7
0.0
5.9
0.2
0.4
0.1
0.7
1.9
4.2
1.9
0.1
0.0
0.0
0.1
10.5
0.1
2.6
0.3
4.5
11.5
13.2
0.0
0.0
0.0
0.1
3.7
3.1
0.0
16.4
0.8
0.6
0.4
0.5
6.2
3.4
0.1
0.0
5.7
0.5
0.0
5.3
6.2
0.0
0.0
0.0
2.4
0.1
1.6
1.2
0.0
3.9
1.7
0.0
0.0
0.2
2.1
5.2
0.0
0.1
2.2
1.1
0.0
3.9
1.7
0.2
0.3
0.0
0.2
0.0
0.0
0.0
7.9
1.2
2.5
0.0
0.0
0.0
0.0
0.0
1.7
0.3
0.1
0.2
0.7
0.0
0.0
0.2
0.2
1.3
14.9
0.3
0.2
0.0
0.2
