0.0
0.0
0.0
0.0
0.0
0.0
0.2
5.2
0.0
0.0
1.5
0.0
0.0
0.0
0.0
0.0
0.0
0.0
0.0
0.0
0.0
0.0
9.0
0.0
0.0
0.0
0.0
0.1
2.0
2.9
12.7
1.4
0.0
0.0
0.0
0.0
0.0
0.0
0.0
0.0
0.0
0.0
0.0
10.0
18.2
37.5
1.7
5.9
44.0
11.1
15.4
0.0
0.0
0.0
0.1
2.1
0.0
0.0
0.0
0.0
0.0
7.5
0.6
2.0
0.0
0.0
0.0
0.0
0.0
0.0
1.1
0.5
0.0
0.2
0.0
0.0
3.8
4.6
23.7
0.1
0.0
0.1
0.1
1.5
32.3
0.0
16.8
1.2
0.2
0.0
20.5
0.0
0.0
0.9
0.0
0.0
0.0
0.0
2.6
27.2
13.9
0.1
0.0
0.1
0.0
0.0
0.2
0.0
7.6
29.7
0.0
0.0
0.0
0.0
10.2
0.7
0.0
0.0
0.0
0.1
0.0
0.0
5.5
0.0
0.0
0.0
0.5
4.6
0.3
0.4
0.0
0.0
0.0
0.0
0.6
3.4
0.0
0.0
0.0
0.0
0.0
0.0
0.1
0.1
0.0
0.0
0.0
0.0
0.0
0.2
2.9
1.2
0.0
