8.4
0.1
0.0
0.0
0.0
5.8
18.0
0.0
0.0
0.0
0.0
0.0
0.0
0.0
1.7
10.3
0.1
0.0
1.9
2.9
0.0
5.4
0.3
0.0
0.0
9.5
0.0
0.1
0.0
0.5
0.0
0.0
0.0
18.2
2.5
0.1
0.0
0.0
1.7
0.0
0.0
7.9
4.9
0.0
0.7
0.0
0.4
0.2
0.0
0.0
0.0
0.6
0.0
0.9
0.0
1.4
0.0
8.9
0.1
0.0
1.8
0.8
1.3
22.8
0.0
0.0
0.0
0.0
0.0
0.0
0.0
1.4
0.0
2.8
1.6
0.0
0.0
0.0
0.0
0.0
0.0
0.0
0.0
0.0
0.0
8.8
4.2
3.1
0.0
0.2
0.0
0.0
0.0
0.0
0.0
12.5
14.0
0.0
2.8
0.0
0.0
0.0
0.0
0.0
2.8
0.0
2.8
6.2
8.4
0.1
2.5
0.5
0.0
0.0
0.0
7.4
4.4
0.0
2.9
3.4
0.0
0.0
0.0
0.0
3.6
0.8
0.0
0.0
0.0
0.0
0.0
0.1
0.0
1.3
4.7
0.0
2.5
1.8
0.0
0.0
0.0
1.2
0.4
0.0
3.7
0.2
0.0
0.0
9.3
0.0
0.0
0.9
0.0
