0.0
0.0
0.0
0.0
0.0
0.0
0.0
0.0
0.1
0.0
0.0
0.0
0.0
0.0
0.0
0.0
0.3
0.0
10.5
24.3
7.2
37.0
4.5
0.0
5.3
2.3
0.7
4.1
11.2
5.1
0.0
0.0
2.3
0.0
0.0
0.0
1.4
0.0
2.2
3.5
0.0
16.5
0.4
0.0
0.3
1.7
0.1
0.2
0.0
0.2
0.0
0.9
0.5
1.2
2.6
13.6
0.6
0.5
0.0
0.4
12.1
0.4
3.4
0.7
0.0
0.0
0.2
0.2
7.7
0.0
13.4
1.1
0.0
2.2
0.1
11.8
1.2
0.0
0.0
0.0
4.2
0.0
0.5
0.0
0.3
0.0
0.4
27.1
0.0
0.7
33.5
3.6
2.7
0.0
6.7
0.0
0.0
0.3
0.0
8.5
43.0
0.9
5.9
0.1
0.1
0.1
0.1
0.0
0.0
0.1
0.0
0.5
0.2
25.3
4.6
1.9
0.3
0.0
0.5
0.0
0.0
0.0
3.4
0.0
4.0
0.2
0.1
2.3
0.2
0.0
2.0
0.0
0.0
1.1
0.0
0.0
0.0
0.0
0.0
10.5
0.5
0.3
0.0
0.0
0.0
0.0
2.2
0.0
0.0
0.0
0.0
0.0
0.2
