0.0
0.0
9.1
18.6
0.0
0.0
1.7
6.2
0.0
1.0
0.0
0.0
0.0
0.0
0.0
0.0
0.0
1.7
0.0
0.0
37.1
11.0
0.0
0.0
0.0
1.5
0.4
0.0
0.3
0.0
11.2
0.0
0.0
0.9
0.0
0.0
10.7
28.2
0.3
0.0
0.0
0.0
0.4
0.0
20.7
1.9
0.0
1.4
0.0
0.0
0.0
0.8
0.0
5.5
4.9
0.0
0.0
2.3
0.5
3.5
26.4
17.1
0.1
0.0
3.5
6.2
0.0
10.8
9.9
22.1
0.5
0.0
2.2
2.3
0.1
0.6
26.2
0.1
0.0
3.2
0.0
1.1
6.2
1.6
0.1
0.6
0.0
0.1
0.0
0.0
0.5
0.0
0.0
0.0
32.5
0.1
0.0
0.0
5.7
0.4
0.0
0.0
11.2
8.4
0.0
0.0
0.0
0.0
0.0
0.0
0.0
5.2
0.0
4.9
0.0
6.2
0.1
6.2
0.0
0.0
0.0
0.0
0.0
0.1
3.3
0.0
0.0
0.2
0.1
1.2
0.0
0.0
0.0
0.0
0.6
0.0
0.0
0.1
0.0
0.0
0.0
0.0
0.0
0.0
0.0
0.0
0.0
0.0
0.0
0.0
0.0
0.0
0.0
