2.1
0.0
0.3
0.0
0.0
2.6
0.0
0.0
0.1
0.2
0.0
0.0
0.0
0.4
0.2
1.6
0.0
0.0
13.1
0.0
0.0
0.0
0.0
0.0
4.8
0.1
2.8
0.0
1.3
0.0
0.0
0.0
0.0
0.1
0.0
0.0
8.8
2.0
0.4
0.0
0.0
0.0
7.6
1.5
35.2
11.0
0.0
5.1
0.5
0.4
0.0
0.1
19.4
30.3
2.6
0.0
0.1
0.0
8.2
1.0
0.0
0.0
12.6
0.0
0.0
17.5
0.0
0.0
0.1
2.2
0.0
0.0
0.0
0.0
0.0
0.0
0.0
0.1
0.1
1.4
0.0
0.5
0.0
0.0
0.0
2.0
0.0
0.1
0.0
0.0
0.0
0.1
1.4
0.0
1.1
18.4
3.4
0.0
0.0
0.0
0.0
0.0
0.0
0.0
0.0
0.0
0.0
0.0
0.0
0.0
0.0
0.4
0.0
0.0
0.0
0.0
0.0
0.0
2.2
0.0
0.0
0.0
0.0
0.0
0.0
0.0
0.0
0.0
0.0
0.8
0.4
0.0
0.0
0.1
0.0
0.0
0.0
8.7
0.0
0.0
0.0
1.4
0.1
0.0
0.0
0.5
0.0
0.0
0.0
0.0
0.0
0.0
0.0
