0.2000
0.2000
0.2000
0.2000
0.2000
0.2000
0.2000
0.2000
0.2001
0.2011
0.2179
0.2503
0.2836
0.3200
0.3600
0.3956
0.4125
0.4318
0.4597
0.4893
0.5237
0.5612
0.6037
0.6402
0.6739
0.6996
0.7269
0.7616
0.7804
0.7892
0.7993
0.8098
0.8257
0.8479
0.8673
0.8840
0.9072
0.9353
0.9640
0.9892
0.9981
1.0071
1.0202
1.0342
1.0485
1.0614
1.0772
1.0948
1.1147
1.1349
1.1543
1.1729
1.1863
1.1988
1.2112
1.2214
1.2268
1.2319
1.2363
1.2401
1.2425
1.2439
1.2447
1.2450
1.2445
1.2425
1.2381
1.2341
1.2293
1.2209
1.2110
1.1995
1.1854
1.1737
1.1637
1.1483
1.1255
1.0978
1.0733
1.0479
1.0274
1.0105
0.9890
0.9694
0.9473
0.9235
0.8932
0.8589
0.8178
0.7685
0.7203
0.6707
0.6151
0.5739
0.5341
0.4916
0.4410
0.3777
0.3158
0.2504
0.2000
0.2000
0.2000
0.2000
0.2000
0.2000
0.2000
0.2000
0.2000
0.2000
0.2000
0.2000
0.2000
0.2000
0.2000
0.2000
0.2000
0.2000
0.2000
0.2000
0.2000
0.2000
0.2000
0.2000
0.2000
0.2000
0.2000
0.2000
0.2000
0.2000
0.2000
0.2000
0.2000
0.2000
0.2000
0.2000
0.2000
0.2000
0.2000
0.2000
0.2000
0.2000
0.2000
0.2000
0.2000
0.2000
0.2000
0.2000
0.2000
0.2000
0.2000
