0.2000
0.2000
0.2000
0.2000
0.2000
0.2000
0.2000
0.2000
0.2000
0.2000
0.2000
0.2000
0.2000
0.2000
0.2032
0.2401
0.2670
0.2727
0.2659
0.2592
0.2623
0.2769
0.2966
0.3141
0.3259
0.3434
0.3745
0.3905
0.4155
0.4477
0.4849
0.5261
0.5705
0.6119
0.6450
0.6653
0.6876
0.7056
0.7194
0.7380
0.7530
0.7737
0.7960
0.8257
0.8576
0.8833
0.9051
0.9201
0.9385
0.9581
0.9771
1.0020
1.0293
1.0488
1.0709
1.0946
1.1199
1.1430
1.1640
1.1827
1.1991
1.2131
1.2246
1.2327
1.2372
1.2407
1.2428
1.2447
1.2446
1.2419
1.2368
1.2306
1.2220
1.2108
1.1955
1.1774
1.1619
1.1505
1.1400
1.1246
1.1090
1.0900
1.0764
1.0537
1.0281
0.9999
0.9704
0.9378
0.8994
0.8541
0.8051
0.7491
0.6936
0.6473
0.5902
0.5274
0.4582
0.4049
0.3608
0.3199
0.2609
0.2000
0.2000
0.2000
0.2000
0.2000
0.2000
0.2000
0.2000
0.2000
0.2000
0.2000
0.2000
0.2000
0.2000
0.2000
0.2000
0.2000
0.2000
0.2000
0.2000
0.2000
0.2000
0.2000
0.2000
0.2000
0.2000
0.2000
0.2000
0.2000
0.2000
0.2000
0.2000
0.2000
0.2000
0.2000
0.2000
0.2000
0.2000
0.2000
0.2000
0.2000
0.2000
0.2000
0.2000
0.2000
0.2000
0.2000
0.2000
0.2000
0.2000
0.2000
0.2000
