0.2000
0.2000
0.2000
0.2000
0.2000
0.2000
0.2000
0.2000
0.2000
0.2000
0.2000
0.2000
0.2000
0.2124
0.2313
0.2430
0.2475
0.2550
0.2594
0.2649
0.2771
0.2893
0.2986
0.3123
0.3319
0.3495
0.3748
0.4041
0.4265
0.4443
0.4624
0.4853
0.5106
0.5280
0.5473
0.5695
0.5922
0.6138
0.6184
0.6309
0.6550
0.6797
0.6945
0.7179
0.7429
0.7605
0.7747
0.7840
0.7931
0.8080
0.8297
0.8534
0.8789
0.9076
0.9285
0.9460
0.9691
0.9867
1.0037
1.0245
1.0441
1.0627
1.0803
1.0943
1.1107
1.1284
1.1458
1.1625
1.1813
1.1979
1.2120
1.2233
1.2302
1.2353
1.2396
1.2430
1.2449
1.2442
1.2406
1.2342
1.2251
1.2129
1.1977
1.1804
1.1641
1.1549
1.1435
1.1281
1.1066
1.0835
1.0598
1.0317
1.0021
0.9698
0.9344
0.9035
0.8769
0.8500
0.8213
0.7892
0.7517
0.7073
0.6568
0.6025
0.5505
0.4992
0.4485
0.4041
0.3572
0.3036
0.2390
0.2000
0.2000
0.2000
0.2000
0.2000
0.2000
0.2000
0.2000
0.2000
0.2000
0.2000
0.2000
0.2000
0.2000
0.2000
0.2000
0.2000
0.2000
0.2000
0.2000
0.2000
0.2000
0.2000
0.2000
0.2000
0.2000
0.2000
0.2000
0.2000
0.2000
0.2000
0.2000
0.2000
0.2000
0.2000
0.2000
0.2000
0.2000
0.2000
0.2000
0.2000
0.2000
