0.2000
0.2000
0.2000
0.2000
0.2000
0.2000
0.2171
0.2383
0.2443
0.2532
0.2644
0.2709
0.2810
0.2994
0.3231
0.3575
0.3913
0.4233
0.4420
0.4413
0.4403
0.4430
0.4495
0.4669
0.4903
0.5149
0.5321
0.5478
0.5660
0.5767
0.5960
0.6226
0.6473
0.6743
0.7067
0.7371
0.7745
0.8111
0.8427
0.8626
0.8818
0.8945
0.9107
0.9310
0.9481
0.9629
0.9753
0.9890
1.0073
1.0269
1.0478
1.0657
1.0837
1.1002
1.1134
1.1270
1.1429
1.1598
1.1755
1.1893
1.2000
1.2097
1.2186
1.2260
1.2314
1.2357
1.2391
1.2420
1.2439
1.2449
1.2449
1.2439
1.2415
1.2381
1.2337
1.2286
1.2218
1.2143
1.2037
1.1904
1.1771
1.1621
1.1435
1.1260
1.1047
1.0810
1.0551
1.0276
0.9999
0.9670
0.9411
0.9196
0.8915
0.8576
0.8255
0.7895
0.7496
0.7043
0.6594
0.6168
0.5749
0.5338
0.4854
0.4372
0.3785
0.3195
0.2550
0.2000
0.2000
0.2000
0.2000
0.2000
0.2000
0.2000
0.2000
0.2000
0.2000
0.2000
0.2000
0.2000
0.2000
0.2000
0.2000
0.2000
0.2000
0.2000
0.2000
0.2000
0.2000
0.2000
0.2000
0.2000
0.2000
0.2000
0.2000
0.2000
0.2000
0.2000
0.2000
0.2000
0.2000
0.2000
0.2000
0.2000
0.2000
0.2000
0.2000
0.2000
0.2000
0.2000
0.2000
0.2000
0.2000
