0.2000
0.2000
0.2000
0.2000
0.2000
0.2000
0.2000
0.2000
0.2000
0.2000
0.2000
0.2000
0.2000
0.2000
0.2000
0.2000
0.2000
0.2000
0.2000
0.2184
0.2519
0.2878
0.3257
0.3654
0.4029
0.4383
0.4711
0.4856
0.5005
0.5215
0.5466
0.5681
0.5864
0.6145
0.6413
0.6698
0.7054
0.7408
0.7726
0.7998
0.8263
0.8517
0.8677
0.8781
0.8903
0.9070
0.9270
0.9417
0.9600
0.9783
0.9915
1.0073
1.0256
1.0448
1.0667
1.0905
1.1139
1.1366
1.1582
1.1718
1.1833
1.1958
1.2089
1.2198
1.2265
1.2312
1.2360
1.2394
1.2430
1.2449
1.2441
1.2409
1.2358
1.2292
1.2212
1.2116
1.2049
1.1960
1.1824
1.1672
1.1486
1.1322
1.1191
1.1043
1.0832
1.0648
1.0460
1.0231
0.9973
0.9719
0.9411
0.9030
0.8704
0.8305
0.7815
0.7430
0.7125
0.6794
0.6392
0.5865
0.5295
0.4693
0.4037
0.3320
0.2580
0.2008
0.2000
0.2000
0.2000
0.2000
0.2000
0.2000
0.2000
0.2000
0.2000
0.2000
0.2000
0.2000
0.2000
0.2000
0.2000
0.2000
0.2000
0.2000
0.2000
0.2000
0.2000
0.2000
0.2000
0.2000
0.2000
0.2000
0.2000
0.2000
0.2000
0.2000
0.2000
0.2000
0.2000
0.2000
0.2000
0.2000
0.2000
0.2000
0.2000
0.2000
0.2000
0.2000
0.2000
0.2000
0.2000
0.2000
0.2000
