0.2000
0.2000
0.2000
0.2000
0.2000
0.2000
0.2000
0.2000
0.2000
0.2000
0.2000
0.2000
0.2000
0.2000
0.2000
0.2035
0.2213
0.2315
0.2357
0.2414
0.2511
0.2698
0.2960
0.3182
0.3411
0.3646
0.3938
0.4177
0.4333
0.4522
0.4723
0.4949
0.5210
0.5552
0.5882
0.6184
0.6349
0.6548
0.6795
0.7065
0.7371
0.7643
0.7840
0.8070
0.8233
0.8425
0.8656
0.8878
0.9105
0.9323
0.9527
0.9736
0.9915
1.0034
1.0159
1.0330
1.0528
1.0685
1.0851
1.0997
1.1157
1.1292
1.1373
1.1478
1.1595
1.1685
1.1789
1.1902
1.2009
1.2101
1.2187
1.2268
1.2347
1.2390
1.2424
1.2447
1.2447
1.2430
1.2391
1.2337
1.2275
1.2185
1.2093
1.1983
1.1843
1.1709
1.1539
1.1316
1.1040
1.0755
1.0470
1.0227
0.9951
0.9704
0.9456
0.9212
0.9009
0.8717
0.8266
0.7870
0.7508
0.7037
0.6508
0.5962
0.5306
0.4748
0.4133
0.3492
0.2847
0.2116
0.2000
0.2000
0.2000
0.2000
0.2000
0.2000
0.2000
0.2000
0.2000
0.2000
0.2000
0.2000
0.2000
0.2000
0.2000
0.2000
0.2000
0.2000
0.2000
0.2000
0.2000
0.2000
0.2000
0.2000
0.2000
0.2000
0.2000
0.2000
0.2000
0.2000
0.2000
0.2000
0.2000
0.2000
0.2000
0.2000
0.2000
0.2000
0.2000
0.2000
0.2000
0.2000
0.2000
