0.2000
0.2000
0.2000
0.2000
0.2000
0.2030
0.2195
0.2383
0.2581
0.2802
0.3028
0.3316
0.3712
0.4120
0.4552
0.4866
0.5093
0.5278
0.5590
0.5875
0.6242
0.6530
0.6768
0.6960
0.7157
0.7399
0.7718
0.8012
0.8283
0.8536
0.8735
0.8901
0.9124
0.9375
0.9676
0.9867
1.0057
1.0320
1.0575
1.0836
1.1071
1.1270
1.1463
1.1645
1.1720
1.1795
1.1885
1.1947
1.1995
1.2039
1.2071
1.2124
1.2192
1.2263
1.2332
1.2379
1.2418
1.2442
1.2449
1.2437
1.2404
1.2369
1.2341
1.2305
1.2253
1.2175
1.2079
1.1962
1.1813
1.1626
1.1477
1.1320
1.1129
1.0922
1.0704
1.0474
1.0210
0.9953
0.9725
0.9425
0.9075
0.8669
0.8207
0.7764
0.7271
0.6887
0.6641
0.6386
0.6112
0.5760
0.5260
0.4788
0.4285
0.3738
0.3203
0.2668
0.2116
0.2000
0.2000
0.2000
0.2000
0.2000
0.2000
0.2000
0.2000
0.2000
0.2000
0.2000
0.2000
0.2000
0.2000
0.2000
0.2000
0.2000
0.2000
0.2000
0.2000
0.2000
0.2000
0.2000
0.2000
0.2000
0.2000
0.2000
0.2000
0.2000
0.2000
0.2000
0.2000
0.2000
0.2000
0.2000
0.2000
0.2000
0.2000
0.2000
0.2000
0.2000
0.2000
0.2000
0.2000
0.2000
0.2000
0.2000
0.2000
0.2000
0.2000
0.2000
0.2000
0.2000
0.2000
0.2000
0.2000
