0.2000
0.2000
0.2000
0.2000
0.2000
0.2000
0.2000
0.2000
0.2000
0.2000
0.2000
0.2000
0.2000
0.2000
0.2000
0.2000
0.2000
0.2000
0.2016
0.2216
0.2430
0.2706
0.2999
0.3195
0.3408
0.3649
0.3961
0.4325
0.4740
0.5030
0.5283
0.5638
0.5946
0.6187
0.6358
0.6525
0.6644
0.6659
0.6743
0.6855
0.7027
0.7273
0.7626
0.7929
0.8158
0.8390
0.8636
0.8914
0.9150
0.9239
0.9351
0.9506
0.9676
0.9854
0.9986
1.0129
1.0267
1.0415
1.0583
1.0701
1.0866
1.0959
1.1052
1.1155
1.1254
1.1355
1.1475
1.1588
1.1694
1.1771
1.1855
1.1947
1.2060
1.2155
1.2232
1.2290
1.2337
1.2378
1.2402
1.2422
1.2440
1.2449
1.2443
1.2416
1.2381
1.2341
1.2274
1.2208
1.2134
1.2041
1.1940
1.1828
1.1688
1.1510
1.1363
1.1192
1.0981
1.0819
1.0633
1.0373
1.0208
1.0046
0.9870
0.9660
0.9416
0.9131
0.8786
0.8576
0.8399
0.8213
0.7991
0.7648
0.7197
0.6829
0.6524
0.6197
0.5871
0.5599
0.5281
0.4941
0.4671
0.4403
0.4148
0.3863
0.3449
0.2962
0.2419
0.2000
0.2000
0.2000
0.2000
0.2000
0.2000
0.2000
0.2000
0.2000
0.2000
0.2000
0.2000
0.2000
0.2000
0.2000
0.2000
0.2000
0.2000
0.2000
0.2000
0.2000
0.2000
0.2000
0.2000
0.2000
0.2000
