0.2000
0.2000
0.2000
0.2000
0.2000
0.2000
0.2000
0.2000
0.2000
0.2043
0.2354
0.2618
0.2675
0.2714
0.2800
0.2867
0.2932
0.3097
0.3301
0.3562
0.3875
0.4245
0.4681
0.4853
0.5042
0.5297
0.5614
0.5856
0.6110
0.6445
0.6811
0.7140
0.7345
0.7618
0.7873
0.8105
0.8376
0.8702
0.9046
0.9203
0.9328
0.9451
0.9681
0.9872
1.0021
1.0184
1.0338
1.0494
1.0650
1.0801
1.0950
1.1061
1.1142
1.1263
1.1395
1.1556
1.1720
1.1807
1.1881
1.1975
1.2087
1.2176
1.2261
1.2322
1.2372
1.2412
1.2440
1.2450
1.2438
1.2406
1.2367
1.2327
1.2269
1.2187
1.2091
1.1948
1.1853
1.1771
1.1664
1.1526
1.1365
1.1232
1.1023
1.0831
1.0727
1.0514
1.0231
0.9923
0.9649
0.9317
0.8980
0.8694
0.8477
0.8197
0.7820
0.7517
0.7241
0.6869
0.6565
0.6217
0.5766
0.5271
0.4785
0.4194
0.3635
0.3195
0.2730
0.2210
0.2000
0.2000
0.2000
0.2000
0.2000
0.2000
0.2000
0.2000
0.2000
0.2000
0.2000
0.2000
0.2000
0.2000
0.2000
0.2000
0.2000
0.2000
0.2000
0.2000
0.2000
0.2000
0.2000
0.2000
0.2000
0.2000
0.2000
0.2000
0.2000
0.2000
0.2000
0.2000
0.2000
0.2000
0.2000
0.2000
0.2000
0.2000
0.2000
0.2000
0.2000
0.2000
0.2000
0.2000
0.2000
