0.2000
0.2000
0.2000
0.2000
0.2000
0.2000
0.2000
0.2000
0.2000
0.2000
0.2000
0.2000
0.2000
0.2000
0.2000
0.2000
0.2140
0.2339
0.2542
0.2779
0.2828
0.2805
0.2906
0.3177
0.3483
0.3679
0.3829
0.4039
0.4303
0.4641
0.4983
0.5232
0.5500
0.5688
0.5842
0.6044
0.6208
0.6289
0.6431
0.6655
0.6909
0.7203
0.7535
0.7833
0.8049
0.8235
0.8441
0.8591
0.8745
0.8947
0.9192
0.9385
0.9648
0.9910
1.0113
1.0330
1.0515
1.0659
1.0785
1.0930
1.1052
1.1174
1.1288
1.1428
1.1542
1.1647
1.1766
1.1865
1.1943
1.2033
1.2115
1.2204
1.2264
1.2307
1.2357
1.2395
1.2423
1.2441
1.2449
1.2447
1.2432
1.2403
1.2357
1.2302
1.2250
1.2188
1.2098
1.1966
1.1792
1.1597
1.1386
1.1154
1.0887
1.0579
1.0335
1.0074
0.9729
0.9356
0.9122
0.8905
0.8632
0.8313
0.8060
0.7820
0.7511
0.7185
0.6791
0.6263
0.5695
0.5060
0.4496
0.3968
0.3453
0.2987
0.2508
0.2017
0.2000
0.2000
0.2000
0.2000
0.2000
0.2000
0.2000
0.2000
0.2000
0.2000
0.2000
0.2000
0.2000
0.2000
0.2000
0.2000
0.2000
0.2000
0.2000
0.2000
0.2000
0.2000
0.2000
0.2000
0.2000
0.2000
0.2000
0.2000
0.2000
0.2000
0.2000
0.2000
0.2000
0.2000
0.2000
0.2000
0.2000
