0.2000
0.2000
0.2000
0.2000
0.2000
0.2000
0.2000
0.2000
0.2000
0.2000
0.2000
0.2000
0.2000
0.2000
0.2000
0.2000
0.2000
0.2000
0.2016
0.2216
0.2430
0.2706
0.2999
0.3195
0.3408
0.3649
0.3961
0.4325
0.4740
0.5030
0.5283
0.5638
0.5946
0.6187
0.6358
0.6525
0.6644
0.6659
0.6743
0.6855
0.7027
0.7273
0.7626
0.7929
0.8158
0.8390
0.8636
0.8914
0.9150
0.9239
0.9351
0.9506
0.9676
0.9854
0.9986
1.0129
1.0267
1.0415
1.0583
1.0701
1.0866
1.0959
1.1052
1.1155
1.1254
1.1355
1.1475
1.1588
1.1694
1.1771
1.1855
1.1947
1.2060
1.2155
1.2232
1.2290
1.2337
1.2378
1.2402
1.2422
1.2440
1.2449
1.2443
1.2416
1.2381
1.2341
1.2274
1.2208
1.2134
1.2041
1.1940
1.1828
1.1688
1.1510
1.1363
1.1192
1.0981
1.0819
1.0633
1.0373
1.0208
1.0046
0.9870
0.9660
0.9416
0.9131
0.8786
0.8576
0.8399
0.8213
0.7991
0.7648
0.7197
0.6829
0.6524
0.6197
0.5871
0.5599
0.5281
0.4941
0.4671
0.4403
0.4148
0.3863
0.3449
0.2962
0.2419
0.2000
0.2000
0.2000
0.2000
0.2000
0.2000
0.2000
0.2000
0.2000
0.2000
0.2000
0.2000
0.2000
0.2000
0.2000
0.2000
0.2000
0.2000
0.2000
0.2000
0.2000
0.2000
0.2000
0.2000
0.2000
0.2000
0.2000
0.2000
0.2000
0.2000
0.2000
0.2000
0.2000
0.2000
0.2000
0.2000
0.2000
0.2000
0.2000
0.2000
0.2032
0.2401
0.2670
0.2727
0.2659
0.2592
0.2623
0.2769
0.2966
0.3141
0.3259
0.3434
0.3745
0.3905
0.4155
0.4477
0.4849
0.5261
0.5705
0.6119
0.6450
0.6653
0.6876
0.7056
0.7194
0.7380
0.7530
0.7737
0.7960
0.8257
0.8576
0.8833
0.9051
0.9201
0.9385
0.9581
0.9771
1.0020
1.0293
1.0488
1.0709
1.0946
1.1199
1.1430
1.1640
1.1827
1.1991
1.2131
1.2246
1.2327
1.2372
1.2407
1.2428
1.2447
1.2446
1.2419
1.2368
1.2306
1.2220
1.2108
1.1955
1.1774
1.1619
1.1505
1.1400
1.1246
1.1090
1.0900
1.0764
1.0537
1.0281
0.9999
0.9704
0.9378
0.8994
0.8541
0.8051
0.7491
0.6936
0.6473
0.5902
0.5274
0.4582
0.4049
0.3608
0.3199
0.2609
0.2000
0.2000
0.2000
0.2000
0.2000
0.2000
0.2000
0.2000
0.2000
0.2000
0.2000
0.2000
0.2000
0.2000
0.2000
0.2000
0.2000
0.2000
0.2000
0.2000
0.2000
0.2000
0.2000
0.2000
0.2000
0.2000
0.2000
0.2000
0.2000
0.2000
0.2000
0.2000
0.2000
0.2000
0.2000
0.2000
0.2000
0.2000
0.2000
0.2000
0.2000
0.2000
0.2000
0.2000
0.2000
0.2000
0.2000
0.2000
0.2000
0.2000
0.2000
0.2000
0.2000
0.2000
0.2000
0.2000
0.2000
0.2000
0.2000
0.2000
0.2000
0.2000
0.2000
0.2000
0.2000
0.2000
0.2000
0.2000
0.2000
0.2000
0.2000
0.2184
0.2519
0.2878
0.3257
0.3654
0.4029
0.4383
0.4711
0.4856
0.5005
0.5215
0.5466
0.5681
0.5864
0.6145
0.6413
0.6698
0.7054
0.7408
0.7726
0.7998
0.8263
0.8517
0.8677
0.8781
0.8903
0.9070
0.9270
0.9417
0.9600
0.9783
0.9915
1.0073
1.0256
1.0448
1.0667
1.0905
1.1139
1.1366
1.1582
1.1718
1.1833
1.1958
1.2089
1.2198
1.2265
1.2312
1.2360
1.2394
1.2430
1.2449
1.2441
1.2409
1.2358
1.2292
1.2212
1.2116
1.2049
1.1960
1.1824
1.1672
1.1486
1.1322
1.1191
1.1043
1.0832
1.0648
1.0460
1.0231
0.9973
0.9719
0.9411
0.9030
0.8704
0.8305
0.7815
0.7430
0.7125
0.6794
0.6392
0.5865
0.5295
0.4693
0.4037
0.3320
0.2580
0.2008
0.2000
0.2000
0.2000
0.2000
0.2000
0.2000
0.2000
0.2000
0.2000
0.2000
0.2000
0.2000
0.2000
0.2000
0.2000
0.2000
0.2000
0.2000
0.2000
0.2000
0.2000
0.2000
0.2000
0.2000
0.2000
0.2000
0.2000
0.2000
0.2000
0.2000
0.2000
0.2000
0.2000
0.2000
0.2000
0.2000
0.2000
0.2000
0.2000
0.2000
0.2000
0.2000
0.2000
0.2000
0.2000
0.2000
0.2000
0.2000
0.2000
0.2000
0.2000
0.2000
0.2000
0.2000
0.2000
0.2001
0.2011
0.2179
0.2503
0.2836
0.3200
0.3600
0.3956
0.4125
0.4318
0.4597
0.4893
0.5237
0.5612
0.6037
0.6402
0.6739
0.6996
0.7269
0.7616
0.7804
0.7892
0.7993
0.8098
0.8257
0.8479
0.8673
0.8840
0.9072
0.9353
0.9640
0.9892
0.9981
1.0071
1.0202
1.0342
1.0485
1.0614
1.0772
1.0948
1.1147
1.1349
1.1543
1.1729
1.1863
1.1988
1.2112
1.2214
1.2268
1.2319
1.2363
1.2401
1.2425
1.2439
1.2447
1.2450
1.2445
1.2425
1.2381
1.2341
1.2293
1.2209
1.2110
1.1995
1.1854
1.1737
1.1637
1.1483
1.1255
1.0978
1.0733
1.0479
1.0274
1.0105
0.9890
0.9694
0.9473
0.9235
0.8932
0.8589
0.8178
0.7685
0.7203
0.6707
0.6151
0.5739
0.5341
0.4916
0.4410
0.3777
0.3158
0.2504
0.2000
0.2000
0.2000
0.2000
0.2000
0.2000
0.2000
0.2000
0.2000
0.2000
0.2000
0.2000
0.2000
0.2000
0.2000
0.2000
0.2000
0.2000
0.2000
0.2000
0.2000
0.2000
0.2000
0.2000
0.2000
0.2000
0.2000
0.2000
0.2000
0.2000
0.2000
0.2000
0.2000
0.2000
0.2000
0.2000
0.2000
0.2000
0.2000
0.2000
0.2000
0.2000
0.2000
0.2000
0.2000
0.2000
0.2000
0.2000
0.2000
0.2000
0.2000
0.2000
0.2000
0.2000
0.2000
0.2000
0.2000
0.2171
0.2383
0.2443
0.2532
0.2644
0.2709
0.2810
0.2994
0.3231
0.3575
0.3913
0.4233
0.4420
0.4413
0.4403
0.4430
0.4495
0.4669
0.4903
0.5149
0.5321
0.5478
0.5660
0.5767
0.5960
0.6226
0.6473
0.6743
0.7067
0.7371
0.7745
0.8111
0.8427
0.8626
0.8818
0.8945
0.9107
0.9310
0.9481
0.9629
0.9753
0.9890
1.0073
1.0269
1.0478
1.0657
1.0837
1.1002
1.1134
1.1270
1.1429
1.1598
1.1755
1.1893
1.2000
1.2097
1.2186
1.2260
1.2314
1.2357
1.2391
1.2420
1.2439
1.2449
1.2449
1.2439
1.2415
1.2381
1.2337
1.2286
1.2218
1.2143
1.2037
1.1904
1.1771
1.1621
1.1435
1.1260
1.1047
1.0810
1.0551
1.0276
0.9999
0.9670
0.9411
0.9196
0.8915
0.8576
0.8255
0.7895
0.7496
0.7043
0.6594
0.6168
0.5749
0.5338
0.4854
0.4372
0.3785
0.3195
0.2550
0.2000
0.2000
0.2000
0.2000
0.2000
0.2000
0.2000
0.2000
0.2000
0.2000
0.2000
0.2000
0.2000
0.2000
0.2000
0.2000
0.2000
0.2000
0.2000
0.2000
0.2000
0.2000
0.2000
0.2000
0.2000
0.2000
0.2000
0.2000
0.2000
0.2000
0.2000
0.2000
0.2000
0.2000
0.2000
0.2000
0.2000
0.2000
0.2000
0.2000
0.2000
0.2000
0.2000
0.2000
0.2000
0.2000
0.2000
0.2000
0.2000
0.2000
0.2000
0.2000
0.2000
0.2000
0.2000
0.2000
0.2000
0.2000
0.2000
0.2000
0.2000
0.2000
0.2140
0.2339
0.2542
0.2779
0.2828
0.2805
0.2906
0.3177
0.3483
0.3679
0.3829
0.4039
0.4303
0.4641
0.4983
0.5232
0.5500
0.5688
0.5842
0.6044
0.6208
0.6289
0.6431
0.6655
0.6909
0.7203
0.7535
0.7833
0.8049
0.8235
0.8441
0.8591
0.8745
0.8947
0.9192
0.9385
0.9648
0.9910
1.0113
1.0330
1.0515
1.0659
1.0785
1.0930
1.1052
1.1174
1.1288
1.1428
1.1542
1.1647
1.1766
1.1865
1.1943
1.2033
1.2115
1.2204
1.2264
1.2307
1.2357
1.2395
1.2423
1.2441
1.2449
1.2447
1.2432
1.2403
1.2357
1.2302
1.2250
1.2188
1.2098
1.1966
1.1792
1.1597
1.1386
1.1154
1.0887
1.0579
1.0335
1.0074
0.9729
0.9356
0.9122
0.8905
0.8632
0.8313
0.8060
0.7820
0.7511
0.7185
0.6791
0.6263
0.5695
0.5060
0.4496
0.3968
0.3453
0.2987
0.2508
0.2017
0.2000
0.2000
0.2000
0.2000
0.2000
0.2000
0.2000
0.2000
0.2000
0.2000
0.2000
0.2000
0.2000
0.2000
0.2000
0.2000
0.2000
0.2000
0.2000
0.2000
0.2000
0.2000
0.2000
0.2000
0.2000
0.2000
0.2000
0.2000
0.2000
0.2000
0.2000
0.2000
0.2000
0.2000
0.2000
0.2000
0.2000
0.2000
0.2000
0.2000
0.2000
0.2000
0.2030
0.2195
0.2383
0.2581
0.2802
0.3028
0.3316
0.3712
0.4120
0.4552
0.4866
0.5093
0.5278
0.5590
0.5875
0.6242
0.6530
0.6768
0.6960
0.7157
0.7399
0.7718
0.8012
0.8283
0.8536
0.8735
0.8901
0.9124
0.9375
0.9676
0.9867
1.0057
1.0320
1.0575
1.0836
1.1071
1.1270
1.1463
1.1645
1.1720
1.1795
1.1885
1.1947
1.1995
1.2039
1.2071
1.2124
1.2192
1.2263
1.2332
1.2379
1.2418
1.2442
1.2449
1.2437
1.2404
1.2369
1.2341
1.2305
1.2253
1.2175
1.2079
1.1962
1.1813
1.1626
1.1477
1.1320
1.1129
1.0922
1.0704
1.0474
1.0210
0.9953
0.9725
0.9425
0.9075
0.8669
0.8207
0.7764
0.7271
0.6887
0.6641
0.6386
0.6112
0.5760
0.5260
0.4788
0.4285
0.3738
0.3203
0.2668
0.2116
0.2000
0.2000
0.2000
0.2000
0.2000
0.2000
0.2000
0.2000
0.2000
0.2000
0.2000
0.2000
0.2000
0.2000
0.2000
0.2000
0.2000
0.2000
0.2000
0.2000
0.2000
0.2000
0.2000
0.2000
0.2000
0.2000
0.2000
0.2000
0.2000
0.2000
0.2000
0.2000
0.2000
0.2000
0.2000
0.2000
0.2000
0.2000
0.2000
0.2000
0.2000
0.2000
0.2000
0.2000
0.2000
0.2000
0.2000
0.2000
0.2000
0.2000
0.2000
0.2000
0.2000
0.2000
0.2000
0.2000
0.2000
0.2000
0.2000
0.2000
0.2000
0.2000
0.2000
0.2000
0.2000
0.2000
0.2000
0.2000
0.2000
0.2124
0.2313
0.2430
0.2475
0.2550
0.2594
0.2649
0.2771
0.2893
0.2986
0.3123
0.3319
0.3495
0.3748
0.4041
0.4265
0.4443
0.4624
0.4853
0.5106
0.5280
0.5473
0.5695
0.5922
0.6138
0.6184
0.6309
0.6550
0.6797
0.6945
0.7179
0.7429
0.7605
0.7747
0.7840
0.7931
0.8080
0.8297
0.8534
0.8789
0.9076
0.9285
0.9460
0.9691
0.9867
1.0037
1.0245
1.0441
1.0627
1.0803
1.0943
1.1107
1.1284
1.1458
1.1625
1.1813
1.1979
1.2120
1.2233
1.2302
1.2353
1.2396
1.2430
1.2449
1.2442
1.2406
1.2342
1.2251
1.2129
1.1977
1.1804
1.1641
1.1549
1.1435
1.1281
1.1066
1.0835
1.0598
1.0317
1.0021
0.9698
0.9344
0.9035
0.8769
0.8500
0.8213
0.7892
0.7517
0.7073
0.6568
0.6025
0.5505
0.4992
0.4485
0.4041
0.3572
0.3036
0.2390
0.2000
0.2000
0.2000
0.2000
0.2000
0.2000
0.2000
0.2000
0.2000
0.2000
0.2000
0.2000
0.2000
0.2000
0.2000
0.2000
0.2000
0.2000
0.2000
0.2000
0.2000
0.2000
0.2000
0.2000
0.2000
0.2000
0.2000
0.2000
0.2000
0.2000
0.2000
0.2000
0.2000
0.2000
0.2000
0.2000
0.2000
0.2000
0.2000
0.2000
0.2000
0.2000
0.2000
0.2000
0.2000
0.2000
0.2000
0.2000
0.2000
0.2000
0.2000
0.2000
0.2000
0.2000
0.2000
0.2000
0.2000
0.2035
0.2213
0.2315
0.2357
0.2414
0.2511
0.2698
0.2960
0.3182
0.3411
0.3646
0.3938
0.4177
0.4333
0.4522
0.4723
0.4949
0.5210
0.5552
0.5882
0.6184
0.6349
0.6548
0.6795
0.7065
0.7371
0.7643
0.7840
0.8070
0.8233
0.8425
0.8656
0.8878
0.9105
0.9323
0.9527
0.9736
0.9915
1.0034
1.0159
1.0330
1.0528
1.0685
1.0851
1.0997
1.1157
1.1292
1.1373
1.1478
1.1595
1.1685
1.1789
1.1902
1.2009
1.2101
1.2187
1.2268
1.2347
1.2390
1.2424
1.2447
1.2447
1.2430
1.2391
1.2337
1.2275
1.2185
1.2093
1.1983
1.1843
1.1709
1.1539
1.1316
1.1040
1.0755
1.0470
1.0227
0.9951
0.9704
0.9456
0.9212
0.9009
0.8717
0.8266
0.7870
0.7508
0.7037
0.6508
0.5962
0.5306
0.4748
0.4133
0.3492
0.2847
0.2116
0.2000
0.2000
0.2000
0.2000
0.2000
0.2000
0.2000
0.2000
0.2000
0.2000
0.2000
0.2000
0.2000
0.2000
0.2000
0.2000
0.2000
0.2000
0.2000
0.2000
0.2000
0.2000
0.2000
0.2000
0.2000
0.2000
0.2000
0.2000
0.2000
0.2000
0.2000
0.2000
0.2000
0.2000
0.2000
0.2000
0.2000
0.2000
0.2000
0.2000
0.2000
0.2000
0.2000
0.2000
0.2000
0.2000
0.2000
0.2000
0.2000
0.2000
0.2000
0.2000
0.2043
0.2354
0.2618
0.2675
0.2714
0.2800
0.2867
0.2932
0.3097
0.3301
0.3562
0.3875
0.4245
0.4681
0.4853
0.5042
0.5297
0.5614
0.5856
0.6110
0.6445
0.6811
0.7140
0.7345
0.7618
0.7873
0.8105
0.8376
0.8702
0.9046
0.9203
0.9328
0.9451
0.9681
0.9872
1.0021
1.0184
1.0338
1.0494
1.0650
1.0801
1.0950
1.1061
1.1142
1.1263
1.1395
1.1556
1.1720
1.1807
1.1881
1.1975
1.2087
1.2176
1.2261
1.2322
1.2372
1.2412
1.2440
1.2450
1.2438
1.2406
1.2367
1.2327
1.2269
1.2187
1.2091
1.1948
1.1853
1.1771
1.1664
1.1526
1.1365
1.1232
1.1023
1.0831
1.0727
1.0514
1.0231
0.9923
0.9649
0.9317
0.8980
0.8694
0.8477
0.8197
0.7820
0.7517
0.7241
0.6869
0.6565
0.6217
0.5766
0.5271
0.4785
0.4194
0.3635
0.3195
0.2730
0.2210
0.2000
0.2000
0.2000
0.2000
0.2000
0.2000
0.2000
0.2000
0.2000
0.2000
0.2000
0.2000
0.2000
0.2000
0.2000
0.2000
0.2000
0.2000
0.2000
0.2000
0.2000
0.2000
0.2000
0.2000
0.2000
0.2000
0.2000
0.2000
0.2000
0.2000
0.2000
0.2000
0.2000
0.2000
0.2000
0.2000
0.2000
0.2000
0.2000
0.2000
0.2000
0.2000
0.2000
0.2000
0.2000
