-2.050000000000000711e+00
-2.050000000000012701e+00
-2.050000000000182343e+00
-2.050000000002254019e+00
-2.050000000026160674e+00
-2.050000000284324386e+00
-2.050000002874436067e+00
-2.050000026788885599e+00
-2.050000227304560330e+00
-2.050001723614820914e+00
-2.050011322827319571e+00
-2.050031266311581835e+00
-2.050068763380137327e+00
-2.050118880842858538e+00
-2.050105717468983180e+00
-2.049702774379396519e+00
-2.047884295427706114e+00
-2.042032900700840869e+00
-2.026730158992198660e+00
-1.993569001260191209e+00
-1.935090358905998009e+00
-1.853369730392683712e+00
-1.751106096084686703e+00
-1.645686413385523572e+00
-1.552870342833789330e+00
-1.480056300782232714e+00
-1.428871014046047661e+00
-1.397777519134513868e+00
-1.385095837843054012e+00
-1.388158486293100458e+00
-1.404496199680855151e+00
