-1.104324102401733398e+00
-9.648612141609191895e-01
-9.468578696250915527e-01
-7.418659329414367676e-01
-8.434919118881225586e-01
-8.930208086967468262e-01
-8.579933047294616699e-01
-9.138511419296264648e-01
-7.984033226966857910e-01
-1.009957551956176758e+00
-9.900232553482055664e-01
-4.171609282493591309e-01
-7.972461581230163574e-01
-5.241256356239318848e-01
-9.568177461624145508e-01
-1.027837514877319336e+00
-9.356088638305664062e-01
-9.175734519958496094e-01
-9.091547131538391113e-01
-8.011254072189331055e-01
-9.074537754058837891e-01
-7.757287621498107910e-01
-9.105334877967834473e-01
-7.720368504524230957e-01
-4.467926621437072754e-01
-8.021864891052246094e-01
-8.124614953994750977e-01
-1.043890118598937988e+00
-7.972553968429565430e-01
-2.787871658802032471e-01
-1.047533750534057617e+00
-8.726463913917541504e-01
-7.788510918617248535e-01
-9.841182827949523926e-01
-8.600147366523742676e-01
-2.885116934776306152e-01
-8.909054994583129883e-01
-8.451353907585144043e-01
-1.215362668037414551e+00
-8.472949266433715820e-01
-7.836650609970092773e-01
-9.616492390632629395e-01
-9.417415261268615723e-01
-8.956074118614196777e-01
-9.358354210853576660e-01
-8.052042126655578613e-01
-8.934076428413391113e-01
-7.793730497360229492e-01
-9.015172719955444336e-01
-9.475724101066589355e-01
-9.276908636093139648e-01
-9.631482958793640137e-01
-9.828658103942871094e-01
-6.210920810699462891e-01
-8.950506448745727539e-01
-3.992967605590820312e-01
-5.375718474388122559e-01
-1.143538236618041992e+00
-7.712367177009582520e-01
-8.795340657234191895e-01
-7.907264828681945801e-01
-9.199018478393554688e-01
-8.347684144973754883e-01
-7.420390248298645020e-01
-8.014785051345825195e-01
-8.204988837242126465e-01
-8.769844174385070801e-01
-8.793334960937500000e-01
-8.187655210494995117e-01
-6.711679697036743164e-01
-1.085773825645446777e+00
-9.271054863929748535e-01
-9.857726097106933594e-01
-3.497903347015380859e-01
-8.088347315788269043e-01
-8.814708590507507324e-01
-9.114249944686889648e-01
-1.478196680545806885e-01
-9.681347608566284180e-01
-8.203625679016113281e-01
-8.709937334060668945e-01
-7.853773832321166992e-01
-9.006958603858947754e-01
-8.528088331222534180e-01
-5.213411450386047363e-01
-1.101892590522766113e+00
-6.562974452972412109e-01
-8.519918322563171387e-01
-8.903305530548095703e-01
-9.067525267601013184e-01
-8.413544893264770508e-01
-8.968827128410339355e-01
-8.301006555557250977e-01
-9.705017209053039551e-01
-1.810376942157745361e-01
-7.677869200706481934e-01
-6.647570133209228516e-01
-9.164507389068603516e-01
-1.011950850486755371e+00
-7.747693061828613281e-01
-8.235902786254882812e-01
-7.779793143272399902e-01
-8.694167137145996094e-01
-1.001757979393005371e+00
9.062546491622924805e-02
-9.413189888000488281e-01
-1.046729564666748047e+00
-9.366376399993896484e-01
-8.596793413162231445e-01
-5.198397636413574219e-01
-9.906899333000183105e-01
-9.877067804336547852e-01
-4.852682054042816162e-01
-1.772510707378387451e-01
-9.039195775985717773e-01
-8.729334473609924316e-01
-1.043407797813415527e+00
-4.319632649421691895e-01
-9.451879858970642090e-01
-5.986063480377197266e-01
-4.952179193496704102e-01
-8.216173648834228516e-01
-7.686414122581481934e-01
-1.079305171966552734e+00
-8.068402409553527832e-01
-8.864945173263549805e-01
-9.405973553657531738e-01
-8.329138755798339844e-01
-5.783558487892150879e-01
-8.492183089256286621e-01
-7.603023648262023926e-01
-1.031756401062011719e+00
-9.648535847663879395e-01
-9.261086583137512207e-01
-8.341777324676513672e-01
-8.821985125541687012e-01
-8.071357011795043945e-01
-9.668418169021606445e-01
-8.926017880439758301e-01
-9.090076088905334473e-01
-7.849192619323730469e-01
-8.485844731330871582e-01
-6.408336162567138672e-01
-1.053799748420715332e+00
-8.672403693199157715e-01
-9.871901869773864746e-01
-7.420926094055175781e-01
-1.047982811927795410e+00
-8.457660079002380371e-01
-9.194718599319458008e-01
-8.288837671279907227e-01
-5.603960752487182617e-01
-8.795419335365295410e-01
-8.195372223854064941e-01
-4.502625763416290283e-01
-7.773818373680114746e-01
-8.256024718284606934e-01
-1.036565423011779785e+00
-8.759292364120483398e-01
-5.891497135162353516e-01
-7.882558107376098633e-01
-8.803327679634094238e-01
-9.208778142929077148e-01
-4.399499893188476562e-01
-6.125335693359375000e-01
-9.315934777259826660e-01
-8.487960100173950195e-01
-1.407123059034347534e-01
-8.834772706031799316e-01
-7.710264921188354492e-01
-8.194270730018615723e-01
-9.434722661972045898e-01
-9.076120853424072266e-01
-1.084124088287353516e+00
-9.753845930099487305e-01
-6.704577207565307617e-01
-9.571791887283325195e-01
-8.288981914520263672e-01
-9.188408851623535156e-01
-9.672755002975463867e-01
-8.096541166305541992e-01
-7.863727807998657227e-01
-9.466426968574523926e-01
-9.828978776931762695e-01
-7.070534825325012207e-01
-8.445749878883361816e-01
-8.809353709220886230e-01
-1.075428128242492676e+00
-9.589148163795471191e-01
-9.278450012207031250e-01
-1.035165667533874512e+00
-1.062951564788818359e+00
-8.033683896064758301e-01
-8.425403237342834473e-01
-7.970488667488098145e-01
-7.356354594230651855e-01
-7.747892141342163086e-01
-9.123220443725585938e-01
-8.298164010047912598e-01
-9.337673783302307129e-01
-7.505632638931274414e-01
-2.091377973556518555e-01
-8.148032426834106445e-01
-8.967335820198059082e-01
-1.071385622024536133e+00
3.290085867047309875e-02
-8.418107032775878906e-01
-9.651472568511962891e-01
-1.057387828826904297e+00
-8.253778815269470215e-01
-7.953981757164001465e-01
-6.299741864204406738e-01
-8.414916396141052246e-01
-8.640995621681213379e-01
-8.199045658111572266e-01
-1.040294766426086426e+00
-1.052833572030067444e-01
-9.210773706436157227e-01
-7.879114151000976562e-01
-8.528443574905395508e-01
-4.450376629829406738e-01
-8.868022561073303223e-01
-8.899779319763183594e-01
-1.018053054809570312e+00
-8.126437664031982422e-01
-4.350030422210693359e-01
-8.941308259963989258e-01
-9.089745283126831055e-01
-1.064335465431213379e+00
-7.113321870565414429e-02
-9.875683784484863281e-01
4.504658579826354980e-01
-7.741572260856628418e-01
-7.629281282424926758e-01
-1.108591914176940918e+00
-4.336413145065307617e-01
-8.514986038208007812e-01
-3.552840054035186768e-01
-8.581698536872863770e-01
-8.443669676780700684e-01
-9.838698506355285645e-01
-7.946435213088989258e-01
-7.367902994155883789e-01
-9.471584558486938477e-01
-9.214562773704528809e-01
-9.115093350410461426e-01
-8.463455438613891602e-01
-7.686194181442260742e-01
-8.868933320045471191e-01
-2.333027124404907227e-01
-5.827845931053161621e-01
-5.154496431350708008e-01
-3.808936476707458496e-01
-1.042445063591003418e+00
-8.371989727020263672e-01
-8.937723636627197266e-01
-7.430887818336486816e-01
-9.710876345634460449e-01
-9.617018103599548340e-01
-1.122905850410461426e+00
-7.140842080116271973e-02
-2.308681011199951172e-01
-8.482777476310729980e-01
-7.425892353057861328e-01
-9.101263880729675293e-01
-9.001955389976501465e-01
-7.634837031364440918e-01
-9.311039447784423828e-01
-9.277083277702331543e-01
-1.012462139129638672e+00
-8.396378755569458008e-01
-8.683685064315795898e-01
-8.264797329902648926e-01
-6.441275477409362793e-01
-6.777790188789367676e-01
-6.750475764274597168e-01
-7.311406135559082031e-01
-8.114435672760009766e-01
-8.199488520622253418e-01
-8.893839716911315918e-01
-8.728988766670227051e-01
-9.895927309989929199e-01
-8.041145205497741699e-01
-9.672431945800781250e-01
-8.546231985092163086e-01
-8.764359354972839355e-01
-4.056935012340545654e-01
-8.899738192558288574e-01
-9.351910948753356934e-01
-8.755127191543579102e-01
-7.789375185966491699e-01
-8.191294670104980469e-01
-7.696832418441772461e-01
-8.631021380424499512e-01
-3.637418150901794434e-01
-8.271152973175048828e-01
-4.042166471481323242e-01
-1.811093538999557495e-01
-8.059536218643188477e-01
-9.633100628852844238e-01
-9.173334836959838867e-01
2.784739807248115540e-02
-7.430809736251831055e-01
-4.746159315109252930e-01
-8.619497418403625488e-01
-9.826582670211791992e-01
-7.439289093017578125e-01
-6.122182011604309082e-01
-9.072978496551513672e-01
-1.124167561531066895e+00
-8.053587079048156738e-01
-9.557224512100219727e-01
-7.385697960853576660e-01
-6.435493230819702148e-01
-6.279501914978027344e-01
-8.189606666564941406e-01
-8.318369984626770020e-01
-8.243598937988281250e-01
-8.814318180084228516e-01
-8.191741108894348145e-01
-3.126837611198425293e-01
-8.150646090507507324e-01
-8.612800836563110352e-01
-9.275146722793579102e-01
-9.059079289436340332e-01
-9.334602355957031250e-01
-8.229358196258544922e-01
-8.296938538551330566e-01
-8.419844508171081543e-01
-8.448017835617065430e-01
-1.105669975280761719e+00
-8.427136540412902832e-01
-8.756996989250183105e-01
-9.586448073387145996e-01
-8.888400197029113770e-01
-8.431738615036010742e-01
-8.847179412841796875e-01
-8.371471762657165527e-01
-6.760805845260620117e-01
-8.766413927078247070e-01
-8.196478486061096191e-01
-8.467746973037719727e-01
-5.223550200462341309e-01
-8.378061652183532715e-01
-1.456554234027862549e-01
-8.843686580657958984e-01
-7.309816777706146240e-03
-8.089999556541442871e-01
-7.036451697349548340e-01
-7.854158878326416016e-01
-7.915743589401245117e-01
-8.361898660659790039e-01
-8.903915882110595703e-01
-8.965134024620056152e-01
-7.674770951271057129e-01
-8.033599853515625000e-01
-8.335448503494262695e-01
-8.891147971153259277e-01
-8.530321121215820312e-01
-9.295476078987121582e-01
-7.810035943984985352e-01
-9.364370703697204590e-01
-5.447210073471069336e-01
-1.046829462051391602e+00
-8.623105287551879883e-01
-9.607445001602172852e-01
-8.552367687225341797e-01
-9.803543090820312500e-01
-8.734602332115173340e-01
-9.347559809684753418e-01
-1.036009669303894043e+00
-8.810580968856811523e-01
-8.213427662849426270e-01
-6.614960432052612305e-01
-8.364129066467285156e-01
-8.458888530731201172e-01
-9.076764583587646484e-01
-4.575193524360656738e-01
-8.967949748039245605e-01
-7.878729701042175293e-01
-8.088994026184082031e-01
-8.430834412574768066e-01
-9.106262326240539551e-01
-7.716485261917114258e-01
-8.555300831794738770e-01
-1.047748565673828125e+00
4.782853182405233383e-03
-7.754417657852172852e-01
-3.441567718982696533e-01
-4.592644870281219482e-01
-8.345130085945129395e-01
-8.965248465538024902e-01
-5.676566362380981445e-01
-1.048565387725830078e+00
-9.053421020507812500e-01
-7.893446087837219238e-01
-1.111825227737426758e+00
-9.010238051414489746e-01
-8.749130368232727051e-01
-9.451630115509033203e-01
4.201151132583618164e-01
2.590177953243255615e-01
5.379018187522888184e-01
5.709031224250793457e-01
5.426969528198242188e-01
5.375932455062866211e-01
5.727743506431579590e-01
5.614489912986755371e-01
6.338191628456115723e-01
2.951262891292572021e-01
4.625118970870971680e-01
3.759075403213500977e-01
6.180761456489562988e-01
4.926764070987701416e-01
3.985920846462249756e-01
3.497871756553649902e-01
5.848892927169799805e-01
6.451209783554077148e-01
3.187678158283233643e-01
6.090685725212097168e-01
5.951255559921264648e-01
6.076631546020507812e-01
6.123936772346496582e-01
4.623214900493621826e-01
5.276876091957092285e-01
5.212398171424865723e-01
6.002218723297119141e-01
3.960083723068237305e-01
5.777583122253417969e-01
3.875837326049804688e-01
4.909761548042297363e-01
5.773074626922607422e-01
6.186961531639099121e-01
6.089414358139038086e-01
3.124311268329620361e-01
4.801766574382781982e-01
3.892004787921905518e-01
3.916072845458984375e-01
3.337457180023193359e-01
5.736609101295471191e-01
6.184952259063720703e-01
4.846509695053100586e-01
5.445253252983093262e-01
6.187351942062377930e-01
5.908951163291931152e-01
6.075131297111511230e-01
5.494882464408874512e-01
5.851173400878906250e-01
5.384438633918762207e-01
5.467383265495300293e-01
5.915844440460205078e-01
5.987626314163208008e-01
1.817242056131362915e-01
4.957793653011322021e-01
4.955341219902038574e-01
2.319323718547821045e-01
5.687907338142395020e-01
4.247648417949676514e-01
5.653985142707824707e-01
5.949658751487731934e-01
6.152246594429016113e-01
5.558770895004272461e-01
6.445949077606201172e-01
6.003285050392150879e-01
6.227198243141174316e-01
6.242072582244873047e-01
4.741981327533721924e-01
5.576696395874023438e-01
6.484754085540771484e-01
4.904531836509704590e-01
4.453586339950561523e-01
4.716855287551879883e-01
4.864368438720703125e-01
4.901393055915832520e-01
6.073471903800964355e-01
6.092684268951416016e-01
6.234189867973327637e-01
8.452498316764831543e-01
4.081414937973022461e-01
6.009463667869567871e-01
5.412322878837585449e-01
2.275918424129486084e-01
4.828445315361022949e-01
5.733100771903991699e-01
8.337610960006713867e-01
6.893241405487060547e-01
4.119119942188262939e-01
6.190105080604553223e-01
6.185779571533203125e-01
5.851520895957946777e-01
6.644302010536193848e-01
5.981853008270263672e-01
6.734029650688171387e-01
5.798916220664978027e-01
4.443515837192535400e-01
6.491123437881469727e-01
7.722515463829040527e-01
5.534989833831787109e-01
4.333406984806060791e-01
5.605612993240356445e-01
6.022730469703674316e-01
6.326559185981750488e-01
6.395200490951538086e-01
5.604975819587707520e-01
5.213500261306762695e-01
5.431259274482727051e-01
4.172894656658172607e-01
5.882698297500610352e-01
5.866622924804687500e-01
4.064742326736450195e-01
4.011462628841400146e-01
6.033912897109985352e-01
6.165020465850830078e-01
9.439510107040405273e-01
5.011007189750671387e-01
5.388107299804687500e-01
1.567436158657073975e-01
5.691656470298767090e-01
2.407657057046890259e-01
5.083543658256530762e-01
5.311676859855651855e-01
5.620535016059875488e-01
3.973652422428131104e-01
3.886695206165313721e-01
6.139860749244689941e-01
5.102748870849609375e-01
6.062976717948913574e-01
5.714301466941833496e-01
6.127801537513732910e-01
5.962669253349304199e-01
5.749260187149047852e-01
5.512913465499877930e-01
4.187778830528259277e-01
5.617182850837707520e-01
5.920245051383972168e-01
5.656855106353759766e-01
6.497853994369506836e-01
4.539425075054168701e-01
5.722854137420654297e-01
7.174047827720642090e-01
6.416795849800109863e-01
2.324340492486953735e-01
5.773689150810241699e-01
3.575764000415802002e-01
6.012936234474182129e-01
4.730373024940490723e-01
5.603795647621154785e-01
3.250979483127593994e-01
6.191269159317016602e-01
4.895835816860198975e-01
5.895919203758239746e-01
7.141122817993164062e-01
5.630455613136291504e-01
6.209152340888977051e-01
6.715665459632873535e-01
5.568786263465881348e-01
3.221978247165679932e-01
4.452185332775115967e-01
6.450383663177490234e-01
2.943319976329803467e-01
5.915897488594055176e-01
5.883578062057495117e-01
5.680742859840393066e-01
3.537759184837341309e-01
5.987526178359985352e-01
5.269648432731628418e-01
5.512604713439941406e-01
8.349942564964294434e-01
4.097413420677185059e-01
4.783332049846649170e-01
5.987719297409057617e-01
4.423485100269317627e-01
6.250967383384704590e-01
4.691210091114044189e-01
4.484523832798004150e-01
5.431870222091674805e-01
4.338137507438659668e-01
6.040232181549072266e-01
6.160637736320495605e-01
5.622788071632385254e-01
6.623851656913757324e-01
5.703709721565246582e-01
2.747764289379119873e-01
3.414259254932403564e-01
4.747742116451263428e-01
6.068810820579528809e-01
5.915850996971130371e-01
5.533757209777832031e-01
5.773321390151977539e-01
3.964655995368957520e-01
3.730673193931579590e-01
4.866976737976074219e-01
5.811730623245239258e-01
5.880654454231262207e-01
2.367355972528457642e-01
5.846065282821655273e-01
6.533860564231872559e-01
5.929835438728332520e-01
6.164778470993041992e-01
6.312230825424194336e-01
3.943457007408142090e-01
5.114247202873229980e-01
4.109852015972137451e-01
2.842100858688354492e-01
3.699764311313629150e-01
8.802303671836853027e-01
6.013829112052917480e-01
5.277781486511230469e-01
4.781569838523864746e-01
5.914251804351806641e-01
6.656602621078491211e-01
5.048875808715820312e-01
6.087576150894165039e-01
6.160191893577575684e-01
5.621945261955261230e-01
5.043309330940246582e-01
6.294980049133300781e-01
5.852361917495727539e-01
6.478421092033386230e-01
5.771257877349853516e-01
5.524923205375671387e-01
5.198821425437927246e-01
5.916481018066406250e-01
3.452737331390380859e-01
5.972693562507629395e-01
6.221117973327636719e-01
5.028292536735534668e-01
5.380378961563110352e-01
4.351300895214080811e-01
6.554457545280456543e-01
4.928326308727264404e-01
8.144328594207763672e-01
1.749117225408554077e-01
6.518268585205078125e-01
5.162939429283142090e-01
6.655535101890563965e-01
5.154245495796203613e-01
6.406853199005126953e-01
2.053700387477874756e-01
7.336058020591735840e-01
5.488591790199279785e-01
6.334570646286010742e-01
5.999998450279235840e-01
5.236179232597351074e-01
5.541070699691772461e-01
4.348892569541931152e-01
5.998836159706115723e-01
3.513995110988616943e-01
5.917407870292663574e-01
6.100285053253173828e-01
5.271533727645874023e-01
5.588918924331665039e-01
4.137236177921295166e-01
5.607529878616333008e-01
4.545412659645080566e-01
4.963614046573638916e-01
5.369436144828796387e-01
3.917429149150848389e-01
6.446121335029602051e-01
4.444888830184936523e-01
7.868548035621643066e-01
1.066120147705078125e+00
5.359537601470947266e-01
5.380957126617431641e-01
5.950630903244018555e-01
6.020854115486145020e-01
5.089200139045715332e-01
5.225132703781127930e-01
5.180793404579162598e-01
3.334132134914398193e-01
6.210299134254455566e-01
5.615475177764892578e-01
6.009072661399841309e-01
1.144520491361618042e-01
4.649329781532287598e-01
5.877533555030822754e-01
3.331318199634552002e-01
6.513437032699584961e-01
6.308681964874267578e-01
6.063182950019836426e-01
6.286000013351440430e-01
5.892411470413208008e-01
6.114473342895507812e-01
6.151351928710937500e-01
5.992062687873840332e-01
4.431185126304626465e-01
3.647328615188598633e-01
2.767971754074096680e-01
3.803346157073974609e-01
4.173582494258880615e-01
5.581534504890441895e-01
5.378234982490539551e-01
5.416120290756225586e-01
6.270283460617065430e-01
7.731246203184127808e-02
6.219561696052551270e-01
6.151923537254333496e-01
3.623022139072418213e-01
5.705355405807495117e-01
5.413299202919006348e-01
4.750709533691406250e-01
9.019188284873962402e-01
6.397033929824829102e-01
4.506171047687530518e-01
5.613051652908325195e-01
1.852889806032180786e-01
6.217921972274780273e-01
5.448164343833923340e-01
5.053437352180480957e-01
3.891174197196960449e-01
4.166052639484405518e-01
5.221449732780456543e-01
3.927502632141113281e-01
4.559896290302276611e-01
2.816505134105682373e-01
4.171734452247619629e-01
6.108703017234802246e-01
5.661090016365051270e-01
5.339094400405883789e-01
5.807927250862121582e-01
2.014634460210800171e-01
6.060360670089721680e-01
5.504767894744873047e-01
4.084517061710357666e-01
5.228143930435180664e-01
5.150547623634338379e-01
6.064757704734802246e-01
6.643129587173461914e-01
5.351009368896484375e-01
6.080331206321716309e-01
4.826930165290832520e-01
5.907021760940551758e-01
5.157144665718078613e-01
5.882176160812377930e-01
6.072596907615661621e-01
6.077125072479248047e-01
5.370817184448242188e-01
5.251002907752990723e-01
2.267313301563262939e-01
5.633648037910461426e-01
6.092922091484069824e-01
5.681199431419372559e-01
4.621152877807617188e-01
5.840505957603454590e-01
8.713891506195068359e-01
5.084442496299743652e-01
5.661767721176147461e-01
6.108223795890808105e-01
6.018710732460021973e-01
6.299496293067932129e-01
6.084566712379455566e-01
5.753101706504821777e-01
3.239995241165161133e-01
5.761488080024719238e-01
2.951059341430664062e-01
4.949860870838165283e-01
5.406898260116577148e-01
5.258862376213073730e-01
6.266819834709167480e-01
4.736669063568115234e-01
5.459526777267456055e-01
6.079530119895935059e-01
6.765369176864624023e-01
3.662531375885009766e-01
5.868068337440490723e-01
5.989581942558288574e-01
5.716674923896789551e-01
3.354355096817016602e-01
5.869498252868652344e-01
4.339973628520965576e-01
5.485016107559204102e-01
5.704281926155090332e-01
4.971919357776641846e-01
6.429549455642700195e-01
5.801696181297302246e-01
5.364169478416442871e-01
5.476177930831909180e-01
5.455289781093597412e-02
5.756390094757080078e-01
4.866751730442047119e-01
4.956469535827636719e-01
5.871697068214416504e-01
5.659920573234558105e-01
6.261825561523437500e-01
6.500571370124816895e-01
4.967501163482666016e-01
4.235361218452453613e-01
2.072169631719589233e-01
4.769830107688903809e-01
3.824930489063262939e-01
6.639333963394165039e-01
6.015293598175048828e-01
5.305599570274353027e-01
4.005388915538787842e-01
5.801980495452880859e-01
6.427379250526428223e-01
3.761751949787139893e-01
5.958743691444396973e-01
6.177290081977844238e-01
4.814128577709197998e-01
1.586512476205825806e-01
3.931039944291114807e-02
3.310707211494445801e-02
2.329433411359786987e-01
7.777250558137893677e-02
8.217774331569671631e-02
-7.948621362447738647e-02
-3.037802875041961670e-02
2.310722172260284424e-01
-1.836954653263092041e-01
2.651787400245666504e-01
-2.492160722613334656e-02
1.648035496473312378e-01
2.935055494308471680e-01
-4.363764449954032898e-02
-2.674011290073394775e-01
6.167382374405860901e-02
-2.600107342004776001e-02
3.351307809352874756e-01
1.507020890712738037e-01
8.453190326690673828e-02
-8.747502416372299194e-02
6.451658904552459717e-02
-5.579087138175964355e-02
-2.887949645519256592e-01
-3.199857771396636963e-01
-7.696841377764940262e-03
-2.170865684747695923e-01
-9.754028916358947754e-02
2.993067353963851929e-02
-1.273520588874816895e-01
1.249979883432388306e-01
-8.579806424677371979e-03
9.021647274494171143e-02
8.540099114179611206e-02
3.685688078403472900e-01
3.718908429145812988e-01
-1.795262396335601807e-01
3.798318803310394287e-01
-4.850311670452356339e-03
-7.503466308116912842e-02
6.440537422895431519e-02
-6.876166164875030518e-02
-1.672091484069824219e-01
1.023665769025683403e-03
1.605200916528701782e-01
3.973687440156936646e-02
2.321841120719909668e-01
4.783925041556358337e-02
-1.640425622463226318e-01
2.547589316964149475e-02
2.573933266103267670e-02
-1.427489221096038818e-01
3.378027081489562988e-01
7.929050922393798828e-02
-2.231316640973091125e-02
-7.337075471878051758e-02
-1.418514922261238098e-02
-1.559466570615768433e-01
4.030901938676834106e-02
1.683889776468276978e-01
-8.483739197254180908e-02
1.112925559282302856e-01
2.343529760837554932e-01
4.807161539793014526e-02
-2.938281930983066559e-02
-3.164761662483215332e-01
5.454326421022415161e-02
-1.166292205452919006e-01
1.909385621547698975e-01
-7.118559628725051880e-02
8.164820075035095215e-02
-7.716023921966552734e-02
5.008732080459594727e-01
6.281872093677520752e-02
1.411243081092834473e-01
-2.964742016047239304e-04
3.489204943180084229e-01
1.815710961818695068e-01
-1.023965701460838318e-01
1.123721823096275330e-01
1.531498227268457413e-02
3.320214897394180298e-02
4.940919950604438782e-02
-3.872284293174743652e-01
-3.958167731761932373e-01
-3.298130631446838379e-01
-1.409743726253509521e-01
-1.075891479849815369e-01
-6.190123781561851501e-02
1.718376278877258301e-01
3.808023035526275635e-02
4.554882273077964783e-02
-8.962237089872360229e-02
4.720041155815124512e-01
-8.332805335521697998e-02
3.474152414128184319e-03
1.244741678237915039e-01
1.292942166328430176e-01
-1.996078789234161377e-01
-8.508355170488357544e-02
1.185780167579650879e-01
-2.070994302630424500e-02
-1.318363994359970093e-01
2.971394360065460205e-01
1.712723225355148315e-01
1.944805681705474854e-02
-2.704462967813014984e-02
-5.083021149039268494e-02
9.943067282438278198e-02
7.279157638549804688e-02
-1.272379234433174133e-02
-5.043500065803527832e-01
-3.692198917269706726e-02
-8.572786301374435425e-02
-9.792526066303253174e-02
4.000028967857360840e-02
-2.784386575222015381e-01
1.552067548036575317e-01
-2.628624439239501953e-01
2.620736062526702881e-01
2.949722483754158020e-02
2.090143859386444092e-01
-1.869000867009162903e-02
3.665437456220388412e-03
-1.966468431055545807e-02
6.312107294797897339e-02
1.420681476593017578e-01
-2.630214095115661621e-01
6.561508774757385254e-02
1.736711114645004272e-01
7.404617965221405029e-02
1.760702766478061676e-02
4.571962729096412659e-02
3.178738057613372803e-02
3.159599006175994873e-02
-1.763880997896194458e-01
-7.190036028623580933e-02
9.537570923566818237e-02
-3.810191154479980469e-01
1.561146676540374756e-01
2.515277825295925140e-02
-2.112037986516952515e-01
-9.536828845739364624e-03
5.994763970375061035e-02
-4.115708917379379272e-02
1.671884804964065552e-01
2.096039056777954102e-02
-5.322028882801532745e-03
-7.901005446910858154e-02
-1.427170634269714355e-01
-2.921960353851318359e-01
-2.981573902070522308e-02
-1.239865943789482117e-01
-4.406924545764923096e-01
1.958533972501754761e-01
-9.742131084203720093e-02
-4.464312270283699036e-02
-5.159202590584754944e-02
2.672067284584045410e-01
-1.227081418037414551e-01
7.431611418724060059e-02
1.008936315774917603e-01
-3.134128749370574951e-01
-2.722543478012084961e-01
3.467257320880889893e-02
-9.388604015111923218e-02
-3.772943913936614990e-01
8.536393195390701294e-02
-1.890575736761093140e-01
1.297294050455093384e-01
-3.620684146881103516e-01
-2.963864989578723907e-02
-2.373473718762397766e-03
2.144525647163391113e-01
1.688814610242843628e-01
9.919015318155288696e-02
1.614222228527069092e-01
-3.346441313624382019e-02
3.411710262298583984e-02
1.038877442479133606e-01
-1.220372989773750305e-01
-2.068572193384170532e-01
8.522024750709533691e-02
-1.847628802061080933e-01
5.199027433991432190e-02
-2.313574776053428650e-03
7.638502866029739380e-02
4.621799662709236145e-02
-3.289686143398284912e-02
6.112499535083770752e-02
1.058751717209815979e-01
1.499201655387878418e-01
1.411443855613470078e-02
-7.057828456163406372e-02
1.752072572708129883e-01
2.572127580642700195e-01
1.104760840535163879e-01
-3.480094671249389648e-02
6.362893618643283844e-03
-3.188971281051635742e-01
2.558404207229614258e-01
9.431063383817672729e-02
2.415394643321633339e-03
6.875154376029968262e-02
-4.400281235575675964e-02
-1.899653822183609009e-01
-1.504170000553131104e-01
-1.280825678259134293e-02
6.079926714301109314e-02
-1.454822719097137451e-01
-2.370049059391021729e-01
3.420751392841339111e-01
-1.439020223915576935e-02
-9.461719542741775513e-02
1.083708032965660095e-01
-7.608824968338012695e-02
-1.172471195459365845e-01
1.100629419088363647e-01
1.227771397680044174e-03
2.563331127166748047e-01
-2.875569649040699005e-02
4.334260523319244385e-02
-1.593125015497207642e-01
-2.707076258957386017e-02
3.464851677417755127e-01
1.217370480298995972e-01
-8.291614241898059845e-03
-1.315912306308746338e-01
-4.715008735656738281e-01
1.492776069790124893e-02
2.277859002351760864e-01
1.030428633093833923e-01
-6.257917732000350952e-02
-8.839131146669387817e-02
2.140512615442276001e-01
-1.217801496386528015e-01
4.040711820125579834e-01
1.345239579677581787e-01
2.056924998760223389e-01
1.633574068546295166e-01
-4.366476833820343018e-02
-2.146818935871124268e-01
2.266595326364040375e-02
1.320720091462135315e-02
-2.609070837497711182e-01
3.462028875946998596e-02
1.595524102449417114e-01
1.605141609907150269e-01
-8.065754920244216919e-02
1.872091591358184814e-01
2.622262239456176758e-01
-3.491796851158142090e-01
6.160012260079383850e-02
-1.492016315460205078e-01
1.163196191191673279e-01
-1.619426757097244263e-01
1.524417754262685776e-02
9.769478440284729004e-02
1.017255783081054688e-01
-9.801387041807174683e-02
9.760124981403350830e-02
-2.279223203659057617e-01
-1.986783593893051147e-01
6.960704457014799118e-03
5.881739035248756409e-02
-1.482067704200744629e-01
-6.644999980926513672e-02
2.514012344181537628e-02
-9.002106636762619019e-02
8.124563843011856079e-02
1.213522031903266907e-01
6.205069646239280701e-02
-8.716756105422973633e-02
3.482795655727386475e-01
-2.986309230327606201e-01
-1.966741681098937988e-01
-9.005219675600528717e-03
-1.636345684528350830e-01
5.804225802421569824e-02
2.232648432254791260e-02
1.509458422660827637e-01
-1.536905020475387573e-01
-3.135981410741806030e-02
-1.327348351478576660e-01
-1.995613723993301392e-01
2.362881898880004883e-01
-1.060580275952816010e-02
-2.476242631673812866e-01
1.719045788049697876e-01
1.445605903863906860e-01
-1.614510565996170044e-01
-4.250937104225158691e-01
7.174257189035415649e-05
-1.509699374437332153e-01
1.734882965683937073e-02
2.985175848007202148e-01
1.669214814901351929e-01
-8.854179084300994873e-02
3.784150257706642151e-02
2.929723449051380157e-02
4.624436050653457642e-02
-1.788115710951387882e-03
2.585432231426239014e-01
-1.872086226940155029e-01
-5.723519995808601379e-02
2.869578897953033447e-01
2.685470283031463623e-01
1.689867228269577026e-01
-9.764747321605682373e-02
-1.336601227521896362e-01
7.353451102972030640e-02
1.879801601171493530e-01
2.321022152900695801e-01
-5.529028773307800293e-01
2.232069373130798340e-01
4.575125058181583881e-05
1.162418946623802185e-01
9.714861959218978882e-02
-1.043241992592811584e-01
-7.724456787109375000e-01
2.126840800046920776e-01
-1.294784694910049438e-01
-1.859488189220428467e-01
9.332874417304992676e-02
1.248125135898590088e-01
-1.283102929592132568e-01
-1.476180553436279297e-01
-7.568567991256713867e-02
-9.763913601636886597e-02
-1.633873879909515381e-01
7.859220355749130249e-02
2.147091319784522057e-03
9.414151310920715332e-02
1.054959744215011597e-01
7.138855010271072388e-02
2.525101974606513977e-02
-1.360895186662673950e-01
-6.533812731504440308e-02
-1.344495452940464020e-02
3.845504298806190491e-02
-1.710837334394454956e-01
-2.045313566923141479e-01
2.244475930929183960e-01
-7.936177402734756470e-02
1.668612509965896606e-01
4.879070222377777100e-01
1.037482991814613342e-01
-3.100941777229309082e-01
-8.292587846517562866e-02
1.841683536767959595e-01
-1.244450062513351440e-01
-1.430306434631347656e-01
-1.457493305206298828e-01
3.272992968559265137e-01
1.315193623304367065e-01
6.940183788537979126e-02
-4.321007803082466125e-02
1.595800966024398804e-01
-3.973038494586944580e-02
1.476594954729080200e-01
2.758710645139217377e-02
1.060148254036903381e-01
2.612170577049255371e-01
3.216192871332168579e-02
1.169743314385414124e-01
8.952168375253677368e-02
-5.289413407444953918e-02
-9.080567955970764160e-02
-9.200636297464370728e-02
-1.636667102575302124e-01
2.197515033185482025e-02
-1.377724707126617432e-01
-2.527290284633636475e-01
-1.002218127250671387e-01
-7.847793400287628174e-02
2.055797912180423737e-02
5.880727618932723999e-02
-8.963361382484436035e-02
-3.494090735912322998e-01
1.260258406400680542e-01
3.422747179865837097e-02
-1.576868146657943726e-01
1.566052287817001343e-01
-1.709512174129486084e-01
7.834671437740325928e-02
3.225700855255126953e-01
2.778255641460418701e-01
-2.928614914417266846e-01
1.130835637450218201e-01
1.149215996265411377e-01
3.045884147286415100e-02
-2.565537691116333008e-01
-3.538952767848968506e-02
-1.953075528144836426e-01
-1.627542823553085327e-01
-1.733519136905670166e-01
-8.488905429840087891e-02
-3.857817128300666809e-02
-2.210367843508720398e-02
-1.060650467872619629e+00
-9.012990593910217285e-01
-8.970544934272766113e-01
-7.466397881507873535e-01
-8.293940424919128418e-01
-8.742508292198181152e-01
-8.566744923591613770e-01
-8.755713105201721191e-01
-7.888860702514648438e-01
-9.750813841819763184e-01
-9.636681675910949707e-01
-3.623511791229248047e-01
-8.091713786125183105e-01
-4.808919429779052734e-01
-9.311935901641845703e-01
-1.003893733024597168e+00
-9.346452355384826660e-01
-8.769059181213378906e-01
-9.204203486442565918e-01
-7.948973178863525391e-01
-9.002300500869750977e-01
-7.747363448143005371e-01
-9.003239870071411133e-01
-7.343571782112121582e-01
-4.582009017467498779e-01
-8.028027415275573730e-01
-8.088707327842712402e-01
-1.066908359527587891e+00
-7.909908890724182129e-01
-2.921049594879150391e-01
-1.000961065292358398e+00
-8.542495965957641602e-01
-7.714737057685852051e-01
-9.367274045944213867e-01
-7.646482586860656738e-01
-2.994232773780822754e-01
-8.432295322418212891e-01
-7.720207571983337402e-01
-1.175113201141357422e+00
-8.548396229743957520e-01
-7.778661251068115234e-01
-8.975688219070434570e-01
-9.328113198280334473e-01
-8.887975811958312988e-01
-9.302961826324462891e-01
-8.108645081520080566e-01
-8.703537583351135254e-01
-7.717480659484863281e-01
-8.975980877876281738e-01
-9.410468339920043945e-01
-9.129067659378051758e-01
-9.183700680732727051e-01
-9.233124852180480957e-01
-6.251532435417175293e-01
-8.782945275306701660e-01
-3.385531604290008545e-01
-4.864274561405181885e-01
-1.087203383445739746e+00
-7.290657162666320801e-01
-8.817468285560607910e-01
-7.780229449272155762e-01
-8.870282173156738281e-01
-8.310142159461975098e-01
-7.382173538208007812e-01
-8.135008811950683594e-01
-7.999076843261718750e-01
-8.733637928962707520e-01
-8.692311644554138184e-01
-8.174061775207519531e-01
-6.679483056068420410e-01
-1.049495935440063477e+00
-8.591412901878356934e-01
-9.099365472793579102e-01
-4.375399053096771240e-01
-8.009612560272216797e-01
-8.692926168441772461e-01
-8.946871161460876465e-01
-1.396753638982772827e-01
-9.772824645042419434e-01
-8.453096747398376465e-01
-8.615451455116271973e-01
-7.461022138595581055e-01
-8.490543961524963379e-01
-8.292444944381713867e-01
-3.982288837432861328e-01
-9.951915144920349121e-01
-6.341253519058227539e-01
-8.273128867149353027e-01
-8.797451853752136230e-01
-8.761616349220275879e-01
-8.302744030952453613e-01
-8.743177056312561035e-01
-8.054793477058410645e-01
-9.459295868873596191e-01
-1.665648818016052246e-01
-7.654181718826293945e-01
-5.187147259712219238e-01
-9.148054718971252441e-01
-1.007080435752868652e+00
-7.732716202735900879e-01
-8.184547424316406250e-01
-7.695409059524536133e-01
-8.463988900184631348e-01
-9.121300578117370605e-01
1.126856952905654907e-01
-9.367768764495849609e-01
-9.970213174819946289e-01
-9.474573731422424316e-01
-8.303315639495849609e-01
-3.623869419097900391e-01
-9.609642624855041504e-01
-9.674003720283508301e-01
-4.171423912048339844e-01
3.840381652116775513e-02
-8.848246932029724121e-01
-8.429542183876037598e-01
-1.002394199371337891e+00
-3.876741826534271240e-01
-8.964475989341735840e-01
-6.125068068504333496e-01
-4.288872480392456055e-01
-8.320266604423522949e-01
-7.836005091667175293e-01
-1.052018761634826660e+00
-7.998049855232238770e-01
-8.718518018722534180e-01
-9.215453863143920898e-01
-8.220514655113220215e-01
-5.549786686897277832e-01
-8.336917757987976074e-01
-7.583341598510742188e-01
-9.777932167053222656e-01
-9.655722975730895996e-01
-8.829706311225891113e-01
-8.071755766868591309e-01
-8.705797791481018066e-01
-7.697288990020751953e-01
-9.408218860626220703e-01
-8.843679428100585938e-01
-8.016313910484313965e-01
-7.721435427665710449e-01
-8.156468868255615234e-01
-6.276130080223083496e-01
-9.911816120147705078e-01
-8.542237281799316406e-01
-9.355924129486083984e-01
-7.258974313735961914e-01
-1.048410534858703613e+00
-8.292460441589355469e-01
-8.671984076499938965e-01
-8.094490170478820801e-01
-5.700887441635131836e-01
-8.756710290908813477e-01
-8.051858544349670410e-01
-4.602667391300201416e-01
-7.412324547767639160e-01
-8.259385824203491211e-01
-1.022358894348144531e+00
-8.467197418212890625e-01
-5.742934346199035645e-01
-7.682013511657714844e-01
-8.877564072608947754e-01
-8.998932242393493652e-01
-3.933319151401519775e-01
-5.719792246818542480e-01
-9.033249616622924805e-01
-8.526549935340881348e-01
-1.424507796764373779e-01
-8.244817852973937988e-01
-7.774678468704223633e-01
-8.206641077995300293e-01
-9.293658733367919922e-01
-8.888452053070068359e-01
-1.091251730918884277e+00
-9.763022661209106445e-01
-6.409367918968200684e-01
-9.304956793785095215e-01
-8.336854577064514160e-01
-8.720203042030334473e-01
-9.409621953964233398e-01
-7.845395207405090332e-01
-7.679041624069213867e-01
-8.985220789909362793e-01
-9.530464410781860352e-01
-5.405557155609130859e-01
-8.451135158538818359e-01
-8.644674420356750488e-01
-1.025768041610717773e+00
-9.583366513252258301e-01
-9.091144204139709473e-01
-1.007025003433227539e+00
-1.042412161827087402e+00
-8.005173206329345703e-01
-8.415607810020446777e-01
-6.810377240180969238e-01
-7.168827652931213379e-01
-7.471930980682373047e-01
-8.626187443733215332e-01
-8.158118724822998047e-01
-9.211125969886779785e-01
-7.261857986450195312e-01
-2.460619062185287476e-01
-8.201801180839538574e-01
-8.486029505729675293e-01
-1.048530101776123047e+00
2.428087145090103149e-01
-8.441885709762573242e-01
-9.598717689514160156e-01
-1.055147528648376465e+00
-8.199780583381652832e-01
-7.732482552528381348e-01
-6.197948455810546875e-01
-8.322021961212158203e-01
-8.405678272247314453e-01
-8.230265378952026367e-01
-1.028465151786804199e+00
9.228626266121864319e-03
-9.189649224281311035e-01
-7.662038803100585938e-01
-8.619366288185119629e-01
-4.307452142238616943e-01
-8.821395039558410645e-01
-8.844335079193115234e-01
-9.668534398078918457e-01
-8.137766122817993164e-01
-4.725144207477569580e-01
-8.982071876525878906e-01
-8.918362259864807129e-01
-1.055917382240295410e+00
-6.214473024010658264e-02
-9.650201797485351562e-01
4.360617399215698242e-01
-7.332913875579833984e-01
-7.619411945343017578e-01
-1.075194358825683594e+00
-5.289167165756225586e-01
-8.613277673721313477e-01
-3.758558332920074463e-01
-7.847986817359924316e-01
-7.602252364158630371e-01
-9.129059314727783203e-01
-7.826268076896667480e-01
-7.597933411598205566e-01
-9.374639391899108887e-01
-9.196099638938903809e-01
-7.965298891067504883e-01
-8.338397741317749023e-01
-7.642352581024169922e-01
-8.599698543548583984e-01
-3.092767596244812012e-01
-5.547092556953430176e-01
-5.085139274597167969e-01
-5.529776811599731445e-01
-1.029355883598327637e+00
-8.152959346771240234e-01
-8.924914002418518066e-01
-7.591713070869445801e-01
-9.314226508140563965e-01
-9.314387440681457520e-01
-1.043512225151062012e+00
1.021950617432594299e-01
-4.654282629489898682e-01
-7.891204357147216797e-01
-7.341068387031555176e-01
-8.957383036613464355e-01
-8.804965019226074219e-01
-7.117943763732910156e-01
-8.992567658424377441e-01
-9.248085618019104004e-01
-8.699777126312255859e-01
-8.359861373901367188e-01
-8.692349195480346680e-01
-8.196707367897033691e-01
-6.101841330528259277e-01
-6.240311264991760254e-01
-6.825941801071166992e-01
-6.777651309967041016e-01
-8.064267039299011230e-01
-8.037603497505187988e-01
-8.530562520027160645e-01
-8.446871638298034668e-01
-9.624248147010803223e-01
-7.925527691841125488e-01
-9.348508119583129883e-01
-8.137084245681762695e-01
-8.837895989418029785e-01
-5.219793915748596191e-01
-7.950429916381835938e-01
-8.698984384536743164e-01
-7.753373980522155762e-01
-7.597721815109252930e-01
-7.912055850028991699e-01
-7.161849737167358398e-01
-8.512351512908935547e-01
-3.692764043807983398e-01
-8.034870624542236328e-01
-3.725790381431579590e-01
-2.294126152992248535e-01
-8.034738302230834961e-01
-9.556758403778076172e-01
-8.756025433540344238e-01
1.369054168462753296e-01
-7.444549202919006348e-01
-4.471067488193511963e-01
-8.380688428878784180e-01
-9.554920196533203125e-01
-7.036210894584655762e-01
-6.327663660049438477e-01
-8.851762413978576660e-01
-1.027294158935546875e+00
-7.979145050048828125e-01
-9.292898774147033691e-01
-7.215294241905212402e-01
-6.361075639724731445e-01
-6.417745947837829590e-01
-8.152740597724914551e-01
-7.841497659683227539e-01
-8.304095268249511719e-01
-8.522012233734130859e-01
-8.028442263603210449e-01
-3.437628448009490967e-01
-8.052065372467041016e-01
-8.614903092384338379e-01
-9.337761402130126953e-01
-8.736308813095092773e-01
-8.919140696525573730e-01
-8.105566501617431641e-01
-7.893806695938110352e-01
-8.407996892929077148e-01
-8.168848752975463867e-01
-1.086368560791015625e+00
-8.188497424125671387e-01
-8.976868391036987305e-01
-9.403197169303894043e-01
-8.660415410995483398e-01
-8.383560776710510254e-01
-8.717791438102722168e-01
-7.730630040168762207e-01
-7.108591794967651367e-01
-8.697221279144287109e-01
-8.098235130310058594e-01
-8.427398204803466797e-01
-4.757586419582366943e-01
-8.018173575401306152e-01
-1.942518204450607300e-01
-8.954747915267944336e-01
3.795992955565452576e-02
-8.106442689895629883e-01
-6.852981448173522949e-01
-7.789627313613891602e-01
-7.941732406616210938e-01
-8.203516602516174316e-01
-8.943881392478942871e-01
-8.952353596687316895e-01
-7.547385692596435547e-01
-7.925630211830139160e-01
-8.272023797035217285e-01
-9.029492735862731934e-01
-8.246055245399475098e-01
-9.145540595054626465e-01
-7.560102939605712891e-01
-9.033267498016357422e-01
-4.510119259357452393e-01
-1.019230246543884277e+00
-8.612706065177917480e-01
-9.209860563278198242e-01
-8.472032546997070312e-01
-9.390404820442199707e-01
-8.352339267730712891e-01
-9.232457280158996582e-01
-9.815790653228759766e-01
-8.510341644287109375e-01
-8.282812833786010742e-01
-6.506853699684143066e-01
-8.042774796485900879e-01
-8.516906499862670898e-01
-8.966610431671142578e-01
-4.415909349918365479e-01
-8.514381647109985352e-01
-7.543352842330932617e-01
-7.722434997558593750e-01
-8.566071391105651855e-01
-8.964625597000122070e-01
-7.806966304779052734e-01
-8.526985645294189453e-01
-9.969285726547241211e-01
-1.403327137231826782e-01
-7.227199077606201172e-01
-4.403267800807952881e-01
-4.678838551044464111e-01
-8.180761337280273438e-01
-8.829329609870910645e-01
-5.468164682388305664e-01
-9.990835189819335938e-01
-8.802656531333923340e-01
-7.408733367919921875e-01
-1.120136737823486328e+00
-8.973820209503173828e-01
-8.604398965835571289e-01
-9.059444069862365723e-01
