-8.817778825759887695e-01
-1.715638041496276855e-01
3.586438596248626709e-01
-8.116393089294433594e-01
-9.874111413955688477e-01
-8.680058717727661133e-01
-7.410355210304260254e-01
-8.583708405494689941e-01
-8.692555427551269531e-01
-8.740624785423278809e-01
-7.116376161575317383e-01
-6.955083012580871582e-01
-9.037165641784667969e-01
-7.284529805183410645e-01
-8.320240974426269531e-01
-1.110407710075378418e+00
-1.067529916763305664e+00
-8.172008991241455078e-01
-9.193192720413208008e-01
-8.314738273620605469e-01
-1.035664439201354980e+00
-7.898014187812805176e-01
-7.638999223709106445e-01
-7.593660354614257812e-01
-9.243838191032409668e-01
-6.158486008644104004e-01
-8.141348361968994141e-01
-7.496366500854492188e-01
-1.106892585754394531e+00
-9.696664214134216309e-01
-7.633537054061889648e-01
-8.259945511817932129e-01
-7.800956964492797852e-01
-7.617703080177307129e-01
-1.123992800712585449e+00
-8.667417168617248535e-01
-8.408164978027343750e-01
-8.016511201858520508e-01
-7.621552348136901855e-01
-8.910027742385864258e-01
-7.886163592338562012e-01
-9.060823321342468262e-01
-9.486543536186218262e-01
-7.362086772918701172e-01
-1.071838498115539551e+00
-8.144786357879638672e-01
-7.440391778945922852e-01
-7.478760480880737305e-01
-9.068002104759216309e-01
-8.164298534393310547e-01
-6.365656256675720215e-01
-9.020735025405883789e-01
-8.303189873695373535e-01
2.416108101606369019e-01
-8.256950974464416504e-01
-9.789447784423828125e-01
-8.290950059890747070e-01
-1.017552971839904785e+00
-8.619103431701660156e-01
-6.853823065757751465e-01
-7.785137295722961426e-01
-8.154381513595581055e-01
-7.404223084449768066e-01
1.614783555269241333e-01
-7.610747814178466797e-01
-8.539080023765563965e-01
-8.607473969459533691e-01
-9.255542755126953125e-01
-1.164704084396362305e+00
-8.480194807052612305e-01
-1.064747810363769531e+00
-8.359707593917846680e-01
-7.594438791275024414e-01
-8.119706511497497559e-01
-7.570776343345642090e-01
-7.538661360740661621e-01
-9.865400195121765137e-01
-9.954885244369506836e-01
-6.988912224769592285e-01
-8.934386968612670898e-01
-1.017235159873962402e+00
-8.828282356262207031e-01
-8.774493336677551270e-01
-8.401209115982055664e-01
-3.490364849567413330e-01
-7.644180655479431152e-01
-9.790586233139038086e-01
-8.499343991279602051e-01
-5.815677046775817871e-01
-8.503563404083251953e-01
-8.604698181152343750e-01
-7.507335543632507324e-01
-8.974359035491943359e-01
-7.203879356384277344e-01
-1.053990602493286133e+00
-9.829711914062500000e-01
-6.922045350074768066e-01
-7.525190711021423340e-01
-1.083661913871765137e+00
-7.765599489212036133e-01
8.114541321992874146e-02
-1.091326355934143066e+00
-1.061611413955688477e+00
-7.557274103164672852e-01
-6.514251828193664551e-01
-8.294445872306823730e-01
-7.707179784774780273e-01
-8.976101875305175781e-01
-7.722690701484680176e-01
-7.852145433425903320e-01
-7.142717838287353516e-01
-7.798439860343933105e-01
-7.993510961532592773e-01
-5.444574952125549316e-01
-7.918699383735656738e-01
-1.480615288019180298e-01
-7.786301374435424805e-01
1.262830793857574463e-01
-8.140805959701538086e-01
-1.095265984535217285e+00
-7.638443708419799805e-01
-4.736727476119995117e-01
-6.133995652198791504e-01
-9.726788997650146484e-01
-8.515547513961791992e-01
-5.541265010833740234e-01
-1.071989417076110840e+00
-5.607311725616455078e-01
-9.824886918067932129e-01
-8.406371474266052246e-01
-9.043948650360107422e-01
-6.479012370109558105e-01
-8.573589920997619629e-01
-9.533295035362243652e-01
-9.348712563514709473e-01
-8.214589357376098633e-01
-8.993846774101257324e-01
-1.038730740547180176e+00
-9.432403445243835449e-01
-7.906272411346435547e-01
-8.577680587768554688e-01
-7.732267379760742188e-01
-8.353661298751831055e-01
-8.089649081230163574e-01
-7.670955657958984375e-01
-1.100071668624877930e+00
-6.048761606216430664e-01
-8.401679992675781250e-01
-8.061657547950744629e-01
-8.492622375488281250e-01
-8.699151873588562012e-01
-6.978187561035156250e-01
-8.350752592086791992e-01
-5.959099531173706055e-01
-6.851143836975097656e-01
-6.421752572059631348e-01
-6.512736082077026367e-01
-1.044615864753723145e+00
-8.360129594802856445e-01
-9.675425887107849121e-01
-7.970378398895263672e-01
-9.474179744720458984e-01
-6.363175511360168457e-01
-1.071974873542785645e+00
4.037920758128166199e-02
-5.957555174827575684e-01
-9.965713620185852051e-01
-8.163774013519287109e-01
-7.117089033126831055e-01
-1.099245786666870117e+00
-8.139258027076721191e-01
-8.142739534378051758e-01
-7.623296380043029785e-01
-9.883426427841186523e-01
-9.084699749946594238e-01
-8.543536663055419922e-01
-8.210547566413879395e-01
-8.994666337966918945e-01
-9.478334188461303711e-01
2.197560966014862061e-01
-9.869613051414489746e-01
-7.514728307723999023e-01
-8.486527800559997559e-01
-7.909743189811706543e-01
-9.303017854690551758e-01
-9.116860628128051758e-01
-9.905137419700622559e-01
-7.276800274848937988e-01
-1.025200366973876953e+00
-5.250136256217956543e-01
1.514066457748413086e-01
-1.066917777061462402e+00
-8.886534571647644043e-01
-7.963970899581909180e-01
-4.810658693313598633e-01
-6.970323920249938965e-01
-7.805033326148986816e-01
-1.271446496248245239e-01
-8.855376839637756348e-01
-7.924987077713012695e-01
-9.411045908927917480e-01
-8.120065927505493164e-01
-3.195076584815979004e-01
-9.788524508476257324e-01
-1.054568648338317871e+00
-8.073623776435852051e-01
-8.183330297470092773e-01
-8.197154402732849121e-01
-9.715711474418640137e-01
-8.693030476570129395e-01
-1.014481782913208008e+00
-8.023638725280761719e-01
-7.508273720741271973e-01
-2.726826965808868408e-01
-1.007010102272033691e+00
-7.424312829971313477e-01
-1.156615614891052246e+00
-7.778126001358032227e-01
-7.341367602348327637e-01
-8.849639892578125000e-01
-4.388523995876312256e-01
-8.876805305480957031e-01
-9.133766889572143555e-01
-8.423714637756347656e-01
-7.384818792343139648e-01
-8.132206797599792480e-01
-9.160209894180297852e-01
-7.369496226310729980e-01
-3.984591662883758545e-01
-8.051173090934753418e-01
-5.226651430130004883e-01
-6.281558275222778320e-01
-1.773585826158523560e-01
-1.081014633178710938e+00
-9.699115157127380371e-01
-5.863745212554931641e-01
-8.686260581016540527e-01
-8.302412629127502441e-01
-7.932901382446289062e-01
-9.114732146263122559e-01
-7.872297763824462891e-01
-7.438215613365173340e-01
-9.370559453964233398e-01
-7.776567935943603516e-01
2.990500032901763916e-01
-1.788339316844940186e-01
-7.228405475616455078e-01
-7.999798059463500977e-01
-4.759359359741210938e-01
-1.120040059089660645e+00
-8.648232817649841309e-01
-8.165926337242126465e-01
-9.663172960281372070e-01
-8.351954817771911621e-01
-9.414093494415283203e-01
-8.310419321060180664e-01
-2.861255705356597900e-01
-7.972607016563415527e-01
-8.202987313270568848e-01
-8.036977052688598633e-01
-1.038864493370056152e+00
-7.514292001724243164e-01
-8.509213924407958984e-01
-7.402291893959045410e-01
-9.056786894798278809e-01
-8.954765200614929199e-01
-8.155853152275085449e-01
-9.073777198791503906e-01
-9.924086928367614746e-01
-9.485660791397094727e-01
-7.849288582801818848e-01
-9.737128019332885742e-01
-7.704939842224121094e-01
-7.733199000358581543e-01
-9.773774743080139160e-01
-4.963612556457519531e-01
-8.778970241546630859e-01
-9.088678956031799316e-01
-8.108212947845458984e-01
-9.921789169311523438e-01
-7.687348723411560059e-01
-1.051634311676025391e+00
-8.247492909431457520e-01
-9.713469147682189941e-01
-8.182981014251708984e-01
-8.346552252769470215e-01
-6.407099366188049316e-01
-7.380912899971008301e-01
-7.866768836975097656e-01
-7.375143766403198242e-01
-8.420145511627197266e-01
-7.589596509933471680e-01
5.323151871562004089e-02
-9.341135621070861816e-01
-8.152915239334106445e-01
-9.327994585037231445e-01
-3.456739783287048340e-01
-8.013102412223815918e-01
-7.670862078666687012e-01
-7.706633210182189941e-01
-7.988338470458984375e-01
-7.869600057601928711e-01
-8.328946828842163086e-01
-7.590697407722473145e-01
-1.100414276123046875e+00
-9.427015781402587891e-01
-1.002687215805053711e+00
-7.737937569618225098e-01
-8.054606914520263672e-01
-7.154802680015563965e-01
-8.315339684486389160e-01
-7.529031038284301758e-01
-9.383872151374816895e-01
-8.452911972999572754e-01
-8.752951622009277344e-01
-1.113896965980529785e+00
-8.586319684982299805e-01
-8.821296691894531250e-01
-9.807893037796020508e-01
-7.618044018745422363e-01
-5.268788933753967285e-01
-7.767723202705383301e-01
-1.134514570236206055e+00
-7.054913043975830078e-01
-7.414038777351379395e-01
-8.342544436454772949e-01
-7.356680631637573242e-01
-8.819937705993652344e-01
-5.937374830245971680e-01
-1.065520167350769043e+00
-8.114058375358581543e-01
-8.534567952156066895e-01
-8.887641429901123047e-01
-6.199312806129455566e-01
-8.583026528358459473e-01
-3.818062841892242432e-01
-1.054893255233764648e+00
-3.058671951293945312e-01
-9.511234164237976074e-01
-8.926328420639038086e-01
-7.755547761917114258e-01
-1.082621693611145020e+00
-8.198537826538085938e-01
-7.878197431564331055e-01
-1.040823340415954590e+00
-1.392433643341064453e-01
-7.369760274887084961e-01
-9.832594394683837891e-01
-8.775268197059631348e-01
-9.226310253143310547e-01
-9.540215134620666504e-01
-9.935344457626342773e-01
-2.400715500116348267e-01
-9.183273315429687500e-01
-8.533308506011962891e-01
-1.088013648986816406e+00
-9.162888526916503906e-01
-7.541475296020507812e-01
-8.143250346183776855e-01
-8.399333357810974121e-01
-8.861827850341796875e-01
-7.722053527832031250e-01
-8.173616528511047363e-01
-8.445482254028320312e-01
-1.851187348365783691e-01
-1.012779355049133301e+00
-1.250414609909057617e+00
-9.902985095977783203e-01
-8.511198163032531738e-01
-7.774285674095153809e-01
-7.340276241302490234e-01
-7.361158728599548340e-01
-8.148263096809387207e-01
-7.867946028709411621e-01
-8.700858354568481445e-01
-9.344868659973144531e-01
-1.092375755310058594e+00
-8.813815712928771973e-01
-8.637859821319580078e-01
-1.206667661666870117e+00
-5.507587790489196777e-01
-8.975670337677001953e-01
-8.002595305442810059e-01
-9.780710339546203613e-01
-7.420877814292907715e-01
-9.985079169273376465e-01
-8.087176680564880371e-01
-7.992978692054748535e-01
-1.174257636070251465e+00
-8.114690184593200684e-01
-9.143763780593872070e-01
-7.388841509819030762e-01
-7.414894104003906250e-01
-1.113873720169067383e+00
-3.761070966720581055e-01
-7.610124945640563965e-01
5.262149125337600708e-02
-7.596486210823059082e-01
-1.097895145416259766e+00
-8.058653473854064941e-01
6.651942729949951172e-01
8.225498199462890625e-01
2.974418401718139648e-01
5.677139759063720703e-01
6.156899929046630859e-01
4.569109678268432617e-01
5.746629238128662109e-01
6.994296312332153320e-01
5.392187833786010742e-01
5.551025867462158203e-01
4.151838123798370361e-01
5.101842805743217468e-02
3.223811984062194824e-01
5.160766243934631348e-01
6.234365105628967285e-01
4.693436026573181152e-01
5.460141897201538086e-01
5.672014355659484863e-01
5.734155774116516113e-01
5.814743041992187500e-01
5.559086799621582031e-01
5.056730508804321289e-01
5.473596453666687012e-01
6.446018218994140625e-01
4.201606810092926025e-01
1.517847031354904175e-01
6.039150357246398926e-01
3.842734992504119873e-01
5.281832218170166016e-01
5.269769430160522461e-01
6.452901959419250488e-01
3.587811887264251709e-01
6.608771681785583496e-01
5.939198732376098633e-01
4.048268198966979980e-01
6.527608036994934082e-01
6.095312833786010742e-01
6.234298348426818848e-01
4.075871109962463379e-01
5.504385232925415039e-01
6.350072622299194336e-01
2.371412366628646851e-01
5.319713354110717773e-01
4.813130199909210205e-01
3.048759102821350098e-01
4.490184485912322998e-01
4.512815475463867188e-01
6.339910626411437988e-01
4.287438094615936279e-01
5.699385404586791992e-01
3.079404234886169434e-01
4.878747165203094482e-01
6.391530632972717285e-01
8.641586899757385254e-01
6.218671202659606934e-01
5.765728354454040527e-01
4.662151336669921875e-01
5.568085908889770508e-01
5.179850459098815918e-01
5.382657051086425781e-01
5.909906029701232910e-01
6.474153995513916016e-01
6.245716810226440430e-01
8.990738391876220703e-01
6.725487709045410156e-01
4.191006124019622803e-01
4.871402382850646973e-01
4.825513958930969238e-01
4.526499509811401367e-01
5.709894299507141113e-01
3.583226799964904785e-01
5.099641680717468262e-01
6.707089543342590332e-01
6.923177242279052734e-01
5.614860653877258301e-01
6.547256112098693848e-01
5.984039306640625000e-01
2.809194922447204590e-01
6.101087331771850586e-01
5.740476250648498535e-01
5.219980478286743164e-01
4.049057662487030029e-01
6.560867428779602051e-01
6.178554892539978027e-01
5.453259348869323730e-01
6.215342283248901367e-01
-1.782091557979583740e-01
6.868098974227905273e-01
1.257338970899581909e-01
6.264017224311828613e-01
5.730380415916442871e-01
5.353956818580627441e-01
4.179980754852294922e-01
5.291818380355834961e-01
3.862616121768951416e-01
3.950580060482025146e-01
6.533597707748413086e-01
5.574341416358947754e-01
3.499264121055603027e-01
6.244601607322692871e-01
3.370614647865295410e-01
4.885756075382232666e-01
3.486970365047454834e-01
6.216964721679687500e-01
6.873899102210998535e-01
6.455869674682617188e-01
5.250741243362426758e-01
6.168209910392761230e-01
6.287487745285034180e-01
5.901396870613098145e-01
3.562245368957519531e-01
5.907871127128601074e-01
6.701381206512451172e-01
2.424399405717849731e-01
5.589390993118286133e-01
7.460431456565856934e-01
1.980006247758865356e-01
3.232185244560241699e-01
5.496847033500671387e-01
4.539463520050048828e-01
6.023120880126953125e-01
4.193271994590759277e-01
3.880315423011779785e-01
4.645170867443084717e-01
6.784277558326721191e-01
3.325135409832000732e-01
5.492439270019531250e-01
5.039907693862915039e-01
6.313665509223937988e-01
5.716524720191955566e-01
4.790737926959991455e-01
5.963787436485290527e-01
5.775728821754455566e-01
5.687791705131530762e-01
2.847137749195098877e-01
6.301006078720092773e-01
4.753172695636749268e-01
5.902579426765441895e-01
5.074434876441955566e-01
6.906693577766418457e-01
6.669164896011352539e-01
5.557376742362976074e-01
5.737632513046264648e-01
5.603736042976379395e-01
5.904754400253295898e-01
4.478401541709899902e-01
3.073050379753112793e-01
5.969815850257873535e-01
5.635552406311035156e-01
6.890417933464050293e-01
5.564916729927062988e-01
6.409418582916259766e-01
6.808173060417175293e-01
5.098278522491455078e-01
5.394956469535827637e-01
4.575351774692535400e-01
4.191701710224151611e-01
5.601532459259033203e-01
5.046574473381042480e-01
2.364511191844940186e-01
6.431861519813537598e-01
4.400892257690429688e-01
2.502819299697875977e-01
3.665964305400848389e-01
7.119634151458740234e-01
5.248175859451293945e-01
3.955872952938079834e-01
5.755165815353393555e-01
5.052821636199951172e-01
3.805217146873474121e-01
6.095874309539794922e-01
6.489589214324951172e-01
6.348500847816467285e-01
4.471835494041442871e-01
5.137850046157836914e-01
5.968116521835327148e-01
5.456745624542236328e-01
4.728648364543914795e-01
5.792275667190551758e-01
9.183331131935119629e-01
4.641437828540802002e-01
5.298618674278259277e-01
2.854735553264617920e-01
5.754223465919494629e-01
5.735866427421569824e-01
3.899299502372741699e-01
5.896698236465454102e-01
6.686848998069763184e-01
4.943977892398834229e-01
3.971474468708038330e-01
8.620516657829284668e-01
4.492284059524536133e-01
6.017358303070068359e-01
6.291750669479370117e-01
1.959059834480285645e-01
6.505604386329650879e-01
3.793561458587646484e-01
5.091218352317810059e-01
6.313357353210449219e-01
6.348553299903869629e-01
5.497128963470458984e-01
5.837035179138183594e-01
5.013485550880432129e-01
4.149494469165802002e-01
6.133837103843688965e-01
5.843401551246643066e-01
6.066220998764038086e-01
5.732312202453613281e-01
6.574857234954833984e-01
5.248569250106811523e-01
3.843762278556823730e-01
6.759648323059082031e-01
5.882669091224670410e-01
5.141439437866210938e-01
4.439576864242553711e-01
6.451953053474426270e-01
3.963516056537628174e-01
5.947050452232360840e-01
5.625233054161071777e-01
4.116888940334320068e-01
3.744001984596252441e-01
5.859924554824829102e-01
5.588583946228027344e-01
6.368399858474731445e-01
5.038638114929199219e-01
6.741790771484375000e-01
5.832245945930480957e-01
4.695350229740142822e-01
5.764341354370117188e-01
5.355418324470520020e-01
4.753924608230590820e-01
4.549340605735778809e-01
8.591626882553100586e-01
5.882131457328796387e-01
3.850309252738952637e-01
4.314469695091247559e-01
6.514918208122253418e-01
7.121393084526062012e-01
5.601855516433715820e-01
6.148846149444580078e-01
6.548592448234558105e-01
6.687585711479187012e-01
6.467536687850952148e-01
6.341811418533325195e-01
8.014521598815917969e-01
2.944231629371643066e-01
5.172004699707031250e-01
3.447714745998382568e-01
2.958767712116241455e-01
5.851812362670898438e-01
6.704316139221191406e-01
5.588307380676269531e-01
5.314342379570007324e-01
5.530254840850830078e-01
6.046744585037231445e-01
5.876105427742004395e-01
6.425627470016479492e-01
6.888597011566162109e-01
6.350706219673156738e-01
5.578749775886535645e-01
2.510326504707336426e-01
5.820328593254089355e-01
6.157871484756469727e-01
6.317321062088012695e-01
6.363031864166259766e-01
6.346263289451599121e-01
6.647770404815673828e-01
4.292429387569427490e-01
5.765916705131530762e-01
3.362055420875549316e-01
6.351639032363891602e-01
6.478950381278991699e-01
6.150809526443481445e-01
5.810584425926208496e-01
5.160875916481018066e-01
8.586245179176330566e-01
6.224247217178344727e-01
5.091245174407958984e-01
6.772616505622863770e-01
5.747929811477661133e-01
4.924630522727966309e-01
5.620065927505493164e-01
6.710456013679504395e-01
6.282657384872436523e-01
6.779022812843322754e-01
5.591232776641845703e-01
1.924669742584228516e-01
4.644966423511505127e-01
5.141109228134155273e-01
4.756842255592346191e-01
6.205755472183227539e-01
5.252974629402160645e-01
6.733669638633728027e-01
2.434409707784652710e-01
6.733922958374023438e-01
5.270013213157653809e-01
5.722345709800720215e-01
4.426650106906890869e-01
6.870617866516113281e-01
6.595588922500610352e-01
5.648524165153503418e-01
6.443384289741516113e-01
6.741065979003906250e-01
6.121279597282409668e-01
2.830631732940673828e-01
4.837616384029388428e-01
5.625640749931335449e-01
6.195794939994812012e-01
6.473173499107360840e-01
1.942689120769500732e-01
5.071051120758056641e-01
5.792646408081054688e-01
6.349734663963317871e-01
4.248448312282562256e-01
7.141796350479125977e-01
4.073264896869659424e-01
6.434535384178161621e-01
5.636988282203674316e-01
6.552739739418029785e-01
6.444012522697448730e-01
2.007703036069869995e-01
6.099109649658203125e-01
3.775696456432342529e-01
4.780460298061370850e-01
6.449052095413208008e-01
6.748234033584594727e-01
4.652718901634216309e-01
6.244166493415832520e-01
4.554206728935241699e-01
5.520473718643188477e-01
5.663331747055053711e-01
5.074211955070495605e-01
5.697934031486511230e-01
3.097262084484100342e-01
6.610982418060302734e-01
8.550746440887451172e-01
4.083237648010253906e-01
4.155454039573669434e-01
6.660004854202270508e-01
6.347353458404541016e-01
6.158770918846130371e-01
5.009639263153076172e-01
5.553501844406127930e-01
5.622760653495788574e-01
3.798449039459228516e-01
9.083988666534423828e-01
6.476479172706604004e-01
4.876590371131896973e-01
6.160107254981994629e-01
5.532491207122802734e-01
5.673471093177795410e-01
5.067400932312011719e-01
5.275643467903137207e-01
4.524090588092803955e-01
5.501269698143005371e-01
4.919353425502777100e-01
4.600273370742797852e-01
5.798745751380920410e-01
5.932913422584533691e-01
6.559655070304870605e-01
5.396978855133056641e-01
6.154663562774658203e-01
5.454344749450683594e-01
5.676944851875305176e-01
5.912117362022399902e-01
6.400592923164367676e-01
4.526717960834503174e-01
5.488978624343872070e-01
5.594902634620666504e-01
6.764912605285644531e-01
6.397397518157958984e-01
4.030365645885467529e-01
6.282540559768676758e-01
3.578374087810516357e-01
6.281691193580627441e-01
4.707882702350616455e-01
3.639708161354064941e-01
6.107052564620971680e-01
6.769131422042846680e-01
5.515243411064147949e-01
1.565989106893539429e-01
5.831713676452636719e-01
6.256217360496520996e-01
5.154605507850646973e-01
6.399309635162353516e-01
5.285899639129638672e-01
6.262413263320922852e-01
6.384825110435485840e-01
4.462342560291290283e-01
6.555847525596618652e-01
5.571730732917785645e-01
5.205909609794616699e-01
6.528452634811401367e-01
2.061035484075546265e-01
5.244780778884887695e-01
6.327188611030578613e-01
4.025185406208038330e-01
5.395128130912780762e-01
5.983948707580566406e-01
6.380060911178588867e-01
3.808530420064926147e-02
-6.438039243221282959e-02
-1.202794760465621948e-01
7.758580148220062256e-02
3.786468133330345154e-02
1.878168806433677673e-02
4.372596740722656250e-03
4.883266985416412354e-02
3.045977838337421417e-02
3.020503744482994080e-02
-4.034899771213531494e-01
3.003447651863098145e-01
-6.431381683796644211e-03
-1.473035812377929688e-01
4.070291295647621155e-02
-3.022682666778564453e-02
4.184189438819885254e-02
-2.610925212502479553e-02
8.961054496467113495e-03
5.064953118562698364e-02
-4.466303437948226929e-02
1.143237054347991943e-01
1.434750556945800781e-01
2.519013546407222748e-02
-3.751568496227264404e-02
2.772813737392425537e-01
6.755194067955017090e-02
1.394842565059661865e-01
-4.712243005633354187e-02
-3.047528266906738281e-01
-4.161280021071434021e-02
-7.713197264820337296e-03
3.035280294716358185e-02
-2.272114157676696777e-03
-3.639662265777587891e-02
4.973674938082695007e-02
3.709131269715726376e-04
5.775403603911399841e-02
9.247424453496932983e-02
3.984583169221878052e-02
-7.387827336788177490e-02
9.061202406883239746e-02
-1.508236955851316452e-02
-1.575010567903518677e-01
-2.994117559865117073e-03
1.397986114025115967e-01
-1.772847920656204224e-01
-4.463301971554756165e-02
-3.246917575597763062e-02
-7.655880600214004517e-02
1.799868196249008179e-01
9.732531011104583740e-02
1.172479521483182907e-02
-5.065577626228332520e-01
1.703600436449050903e-01
8.670190721750259399e-02
1.028203740715980530e-01
-2.186830528080463409e-02
-2.039427123963832855e-02
-8.246439509093761444e-03
8.503943681716918945e-02
6.896800547838211060e-02
-2.569912001490592957e-02
9.615509212017059326e-02
-1.469005923718214035e-02
1.091755256056785583e-01
1.369214802980422974e-02
-1.569663581904023886e-04
-3.513354435563087463e-02
-3.309486433863639832e-02
-5.803321674466133118e-02
1.132052391767501831e-01
-6.773934699594974518e-03
8.795500546693801880e-02
-1.236928328871726990e-01
-3.438934683799743652e-02
-1.901907920837402344e-01
1.579567790031433105e-01
1.611453443765640259e-01
9.884226322174072266e-02
-1.161852106451988220e-02
-1.295843124389648438e-01
9.256170131266117096e-03
2.837716601788997650e-02
-4.949986934661865234e-02
7.367454934865236282e-03
-4.255837202072143555e-01
-3.517907112836837769e-03
-1.473160088062286377e-01
-4.958085343241691589e-02
-2.254107594490051270e-02
-1.031875237822532654e-01
-5.606622993946075439e-02
-1.464244723320007324e-01
-2.845454029738903046e-02
-3.044324927031993866e-02
1.976091414690017700e-03
-1.347152441740036011e-01
2.881691232323646545e-02
-9.289575368165969849e-02
1.573253124952316284e-01
4.621400311589241028e-02
-6.060769036412239075e-02
-1.120668835937976837e-02
1.106597483158111572e-01
-5.722233280539512634e-02
-8.836064487695693970e-02
-4.863999038934707642e-02
9.673733264207839966e-03
1.032441630959510803e-01
5.715269595384597778e-02
-8.036187291145324707e-02
4.361152648925781250e-02
3.562979996204376221e-01
-1.155622154474258423e-01
-9.193918108940124512e-02
-3.390164375305175781e-01
1.609283983707427979e-01
-1.010545194149017334e-01
-9.250777214765548706e-02
9.472844004631042480e-02
1.775824427604675293e-01
-2.093511968851089478e-01
-5.589730665087699890e-02
-2.006510831415653229e-02
-2.583330869674682617e-01
9.900363162159919739e-03
1.385087370872497559e-01
-6.725146621465682983e-02
8.833689987659454346e-02
-7.907736301422119141e-02
-5.370111763477325439e-02
7.537892460823059082e-02
-6.878032535314559937e-02
1.144761592149734497e-02
-2.993825264275074005e-02
-4.476644471287727356e-02
-1.292807757854461670e-01
3.267700551077723503e-03
-6.540771573781967163e-02
3.211659193038940430e-02
9.853581339120864868e-02
-2.326325885951519012e-02
-1.022327691316604614e-01
6.672653555870056152e-02
-2.513567730784416199e-02
-1.799025945365428925e-02
-9.444673545658588409e-03
-9.028501063585281372e-02
3.816521540284156799e-02
6.655834615230560303e-02
5.360360816121101379e-02
-5.826953426003456116e-02
3.913801610469818115e-01
-3.788223955780267715e-03
1.916349232196807861e-01
-1.965077966451644897e-01
1.328949071466922760e-02
-1.270078420639038086e-01
1.031725853681564331e-01
-4.899349063634872437e-03
-4.499058052897453308e-02
1.632605344057083130e-01
-4.018290713429450989e-02
-1.566331386566162109e-01
2.049628794193267822e-01
-9.387528896331787109e-02
1.509778667241334915e-02
1.677174568176269531e-01
-7.191952317953109741e-02
-6.820604950189590454e-02
3.558168420568108559e-03
4.454460740089416504e-02
-8.298862725496292114e-02
-3.605464100837707520e-02
-6.627190858125686646e-02
-9.022016078233718872e-02
9.341474622488021851e-02
-2.176163718104362488e-03
5.636779218912124634e-02
5.677697807550430298e-02
1.256971061229705811e-01
-2.112337052822113037e-01
7.077711075544357300e-02
-3.145371004939079285e-02
-1.727617681026458740e-01
-4.101757705211639404e-02
4.934827238321304321e-02
-2.260663732886314392e-02
1.546273231506347656e-01
5.480591058731079102e-01
-7.384570688009262085e-02
7.195904105901718140e-02
3.135063126683235168e-02
5.579495429992675781e-02
1.369801536202430725e-02
1.293570250272750854e-01
1.559918373823165894e-01
5.598199740052223206e-02
5.132203549146652222e-02
-6.995486468076705933e-02
-1.022524684667587280e-01
-1.895464211702346802e-01
-4.124857485294342041e-02
-8.148140273988246918e-03
3.153159096837043762e-02
9.616388007998466492e-03
-1.384710371494293213e-01
-3.191713243722915649e-02
3.036208637058734894e-02
9.294454008340835571e-02
-7.967623323202133179e-02
6.592243909835815430e-02
2.743641138076782227e-01
1.819490827620029449e-02
-1.104477792978286743e-02
2.155594900250434875e-02
4.207355156540870667e-02
-8.761181682348251343e-02
-1.172168329358100891e-01
-2.415278106927871704e-01
-4.679253324866294861e-02
-8.004964143037796021e-02
4.802643880248069763e-02
-1.655895560979843140e-01
5.907625332474708557e-02
8.719205111265182495e-02
1.606945544481277466e-01
5.859144777059555054e-02
-5.146620422601699829e-02
-2.086853981018066406e-01
-1.627482026815414429e-01
-2.872841805219650269e-02
-6.859859079122543335e-02
7.608383893966674805e-02
-7.755661755800247192e-02
4.520343150943517685e-03
-8.780674636363983154e-02
1.155369803309440613e-01
6.299275159835815430e-02
-3.243475779891014099e-02
-1.567455753684043884e-02
2.288798429071903229e-02
-1.962365582585334778e-02
2.501128017902374268e-01
9.450297802686691284e-02
1.406857073307037354e-01
-1.355775445699691772e-01
-1.921458393335342407e-01
5.230954661965370178e-02
6.750641763210296631e-02
-7.524071633815765381e-02
6.773508340120315552e-02
2.638398110866546631e-02
-5.601765587925910950e-02
2.506700158119201660e-02
-1.640334576368331909e-01
-5.602157115936279297e-02
1.046393066644668579e-01
-9.110854566097259521e-02
-2.310489863157272339e-01
7.277455180883407593e-02
-6.311479210853576660e-02
3.108066320419311523e-02
2.002176456153392792e-02
8.481446653604507446e-03
-5.151606723666191101e-02
1.542834639549255371e-01
3.077647462487220764e-02
1.314742416143417358e-01
-7.543712109327316284e-02
-5.366358160972595215e-02
1.031104102730751038e-02
-6.591426581144332886e-02
-1.237474754452705383e-02
-1.499475836753845215e-01
8.653973042964935303e-02
-1.055215373635292053e-01
4.367530345916748047e-02
-9.668130427598953247e-02
-1.494672000408172607e-01
-1.977851241827011108e-02
-2.667031809687614441e-02
6.188551336526870728e-02
-4.591667279601097107e-02
3.196942433714866638e-02
2.463851720094680786e-01
-1.931743174791336060e-01
1.122343391180038452e-01
-1.575510948896408081e-01
1.187894376926124096e-03
-1.441540271043777466e-01
2.700882554054260254e-01
8.453217893838882446e-02
-9.704876691102981567e-02
-1.144223958253860474e-01
1.136987730860710144e-01
1.071414574980735779e-01
-4.049082100391387939e-02
-1.758589223027229309e-02
1.904699765145778656e-02
-2.252430655062198639e-02
8.682752400636672974e-02
5.872945114970207214e-02
-2.451115697622299194e-01
-3.704849164932966232e-03
-1.748796924948692322e-02
-3.925934061408042908e-02
-6.131716817617416382e-02
-1.272640377283096313e-01
-3.044985979795455933e-02
1.053025573492050171e-01
-1.164277419447898865e-01
-8.554925024509429932e-02
-8.376432955265045166e-02
-2.306155511178076267e-04
-1.811084896326065063e-02
2.336740642786026001e-01
1.767829991877079010e-02
-3.819157928228378296e-02
1.801728904247283936e-01
-9.219065308570861816e-02
-1.720404028892517090e-01
1.692192405462265015e-01
4.936916381120681763e-02
-4.098614677786827087e-02
-1.036487892270088196e-01
-1.365010254085063934e-02
1.536899209022521973e-01
-3.605791032314300537e-01
-8.208430558443069458e-02
-1.252381205558776855e-01
4.768916114699095488e-04
-7.895354181528091431e-02
-3.444024547934532166e-02
-5.097686871886253357e-02
-1.734246499836444855e-02
2.071846872568130493e-01
-2.497372031211853027e-01
1.989536359906196594e-02
-3.188971662893891335e-03
4.762862995266914368e-02
-5.588017776608467102e-02
-9.001292288303375244e-02
3.723229467868804932e-01
7.562953233718872070e-02
-2.244585659354925156e-03
-8.559131622314453125e-02
-8.521892596036195755e-07
-5.714894086122512817e-02
-3.018365241587162018e-02
1.377429533749818802e-02
2.658067643642425537e-01
7.286033779382705688e-02
-1.911616511642932892e-02
-5.991050973534584045e-03
3.779181744903326035e-03
-8.761226385831832886e-02
6.051721423864364624e-02
1.946068555116653442e-02
-1.398694235831499100e-02
1.206126715987920761e-02
-1.597303301095962524e-01
6.243325304239988327e-03
1.160116493701934814e-01
7.104980945587158203e-02
1.003149226307868958e-01
-1.958951503038406372e-01
-5.582753103226423264e-03
-6.353279948234558105e-02
-2.061484940350055695e-02
8.730686455965042114e-02
-4.063434153795242310e-02
1.767776161432266235e-01
-4.344777017831802368e-02
-4.691123962402343750e-02
-4.253681283444166183e-03
-1.170637905597686768e-01
1.104317083954811096e-01
6.702201068401336670e-02
1.644636541604995728e-01
-4.528030287474393845e-03
-3.269619122147560120e-02
-8.086636662483215332e-02
5.104560032486915588e-02
-5.901571735739707947e-02
-5.843893811106681824e-02
1.788702607154846191e-02
2.961114980280399323e-02
5.516578909009695053e-03
1.082875728607177734e-01
1.675153821706771851e-01
-1.401559077203273773e-02
-7.310233265161514282e-02
2.884033620357513428e-01
1.067976206541061401e-01
6.242847070097923279e-02
-1.456044167280197144e-01
8.051509410142898560e-02
2.138166688382625580e-02
-8.650275468826293945e-01
8.144806325435638428e-02
4.136996269226074219e-01
-7.860828638076782227e-01
-9.613401293754577637e-01
-8.174033761024475098e-01
-7.183328270912170410e-01
-8.557451367378234863e-01
-8.385487198829650879e-01
-8.944389224052429199e-01
-7.349027395248413086e-01
-6.533808112144470215e-01
-8.942206501960754395e-01
-7.208234071731567383e-01
-8.401001691818237305e-01
-1.051252603530883789e+00
-9.960217475891113281e-01
-8.062624335289001465e-01
-9.169735908508300781e-01
-8.277466297149658203e-01
-1.026401758193969727e+00
-8.005258440971374512e-01
-7.439950704574584961e-01
-7.544816732406616211e-01
-9.412112236022949219e-01
-7.422633767127990723e-01
-8.025900721549987793e-01
-7.531902790069580078e-01
-1.079299569129943848e+00
-9.668855667114257812e-01
-7.475484013557434082e-01
-7.475589513778686523e-01
-7.818560600280761719e-01
-7.657167911529541016e-01
-1.103314161300659180e+00
-8.558686375617980957e-01
-8.073216080665588379e-01
-7.635887265205383301e-01
-7.789284586906433105e-01
-8.943325877189636230e-01
-7.679411172866821289e-01
-8.954749703407287598e-01
-9.385661482810974121e-01
-7.117026448249816895e-01
-1.031594634056091309e+00
-8.459041714668273926e-01
-7.346915006637573242e-01
-7.542318105697631836e-01
-8.876363039016723633e-01
-8.090659379959106445e-01
-5.728245377540588379e-01
-8.413488864898681641e-01
-8.314774036407470703e-01
4.129747673869132996e-02
-7.653100490570068359e-01
-9.090305566787719727e-01
-7.366492152214050293e-01
-9.328754544258117676e-01
-8.474267721176147461e-01
-6.482751965522766113e-01
-7.637866735458374023e-01
-8.073523640632629395e-01
-7.301458716392517090e-01
1.489341855049133301e-01
-7.530720829963684082e-01
-8.491482138633728027e-01
-8.772785663604736328e-01
-9.250956773757934570e-01
-1.076869487762451172e+00
-8.362516164779663086e-01
-1.008141875267028809e+00
-8.355959057807922363e-01
-7.406268119812011719e-01
-7.729837298393249512e-01
-7.499408721923828125e-01
-7.471683621406555176e-01
-9.131836891174316406e-01
-9.468994736671447754e-01
-6.263414025306701660e-01
-8.319903612136840820e-01
-9.751357436180114746e-01
-8.721635341644287109e-01
-8.595739006996154785e-01
-8.305569291114807129e-01
-3.909093141555786133e-01
-7.540494203567504883e-01
-1.007459759712219238e+00
-8.551365137100219727e-01
-6.008734107017517090e-01
-8.012403845787048340e-01
-8.683444857597351074e-01
-7.411624789237976074e-01
-9.507514834403991699e-01
-7.221584916114807129e-01
-1.036823511123657227e+00
-9.385904073715209961e-01
-6.877888441085815430e-01
-7.333805561065673828e-01
-1.088480353355407715e+00
-7.593055963516235352e-01
1.265087425708770752e-01
-1.060261249542236328e+00
-1.016685366630554199e+00
-7.279100418090820312e-01
-4.985373616218566895e-01
-8.054328560829162598e-01
-7.474799156188964844e-01
-8.779078125953674316e-01
-7.756966352462768555e-01
-7.700765728950500488e-01
-7.422518730163574219e-01
-7.753483653068542480e-01
-7.897770404815673828e-01
-7.659481167793273926e-01
-7.604923248291015625e-01
-1.774280965328216553e-01
-8.740234375000000000e-01
-1.454663425683975220e-01
-8.036184310913085938e-01
-1.074939131736755371e+00
-7.525225877761840820e-01
-4.712673425674438477e-01
-6.240842938423156738e-01
-9.430093765258789062e-01
-8.359833359718322754e-01
-5.670611262321472168e-01
-1.055113315582275391e+00
-3.469513654708862305e-01
-9.942501783370971680e-01
-8.507246971130371094e-01
-8.882820606231689453e-01
-4.794849157333374023e-01
-8.418190479278564453e-01
-9.408575892448425293e-01
-9.319984912872314453e-01
-8.250262141227722168e-01
-8.997238874435424805e-01
-1.156148552894592285e+00
-8.541282415390014648e-01
-7.947953343391418457e-01
-8.249455094337463379e-01
-7.611691355705261230e-01
-8.388460278511047363e-01
-7.805426716804504395e-01
-7.551149725914001465e-01
-1.108069062232971191e+00
-5.600291490554809570e-01
-8.422466516494750977e-01
-7.955662608146667480e-01
-8.149071335792541504e-01
-8.927116394042968750e-01
-6.942948698997497559e-01
-8.333787918090820312e-01
-6.222496032714843750e-01
-7.895474433898925781e-01
-6.284719705581665039e-01
-6.389755606651306152e-01
-9.666265249252319336e-01
-8.189224004745483398e-01
-9.719043374061584473e-01
-7.926844358444213867e-01
-8.039979338645935059e-01
-6.261642575263977051e-01
-1.023293852806091309e+00
-4.843555763363838196e-02
-5.694309473037719727e-01
-9.933425188064575195e-01
-8.080629110336303711e-01
-6.893818378448486328e-01
-9.958285689353942871e-01
-8.052943348884582520e-01
-8.050556778907775879e-01
-7.355416417121887207e-01
-9.306381344795227051e-01
-9.025189280509948730e-01
-8.304636478424072266e-01
-8.176294565200805664e-01
-8.561800122261047363e-01
-9.093608260154724121e-01
2.091826945543289185e-01
-1.003829121589660645e+00
-7.414066195487976074e-01
-8.313980102539062500e-01
-7.664249539375305176e-01
-9.136147499084472656e-01
-8.733378052711486816e-01
-9.619611501693725586e-01
-7.274512052536010742e-01
-1.038536906242370605e+00
-5.081521868705749512e-01
6.612078845500946045e-02
-1.039659976959228516e+00
-8.314614295959472656e-01
-7.844752073287963867e-01
-4.737948477268218994e-01
-7.017384767532348633e-01
-7.942526936531066895e-01
-8.956086635589599609e-02
-8.501091003417968750e-01
-7.546680569648742676e-01
-9.337473511695861816e-01
-7.836526036262512207e-01
-2.964228987693786621e-01
-9.776727557182312012e-01
-9.651295542716979980e-01
-7.985768318176269531e-01
-8.338568210601806641e-01
-7.858541011810302734e-01
-8.538866043090820312e-01
-8.496886491775512695e-01
-1.041557431221008301e+00
-7.984768152236938477e-01
-7.556334733963012695e-01
-2.318396717309951782e-01
-9.965550899505615234e-01
-7.468989491462707520e-01
-1.151413679122924805e+00
-7.600812911987304688e-01
-7.264752388000488281e-01
-8.856111168861389160e-01
-4.221471250057220459e-01
-8.685173392295837402e-01
-8.344525098800659180e-01
-8.270808458328247070e-01
-7.481873035430908203e-01
-8.164876103401184082e-01
-8.896958827972412109e-01
-7.327368259429931641e-01
-3.538914620876312256e-01
-8.166508078575134277e-01
-5.300455689430236816e-01
-6.009603738784790039e-01
2.830090001225471497e-02
-9.917959570884704590e-01
-9.497265219688415527e-01
-6.394006013870239258e-01
-8.107336759567260742e-01
-8.105525970458984375e-01
-7.947601675987243652e-01
-8.993189334869384766e-01
-7.738222479820251465e-01
-7.510060667991638184e-01
-9.296377897262573242e-01
-7.666891217231750488e-01
3.124262094497680664e-01
-1.091990917921066284e-01
-6.868968009948730469e-01
-8.280965089797973633e-01
-4.856024086475372314e-01
-1.041443705558776855e+00
-8.506104946136474609e-01
-8.186814785003662109e-01
-9.059874415397644043e-01
-8.347836732864379883e-01
-9.816945791244506836e-01
-8.363031744956970215e-01
-1.897651106119155884e-01
-7.908955216407775879e-01
-8.039426803588867188e-01
-7.950025200843811035e-01
-1.092500925064086914e+00
-7.630135416984558105e-01
-8.391232490539550781e-01
-7.310156822204589844e-01
-8.854802250862121582e-01
-8.790333867073059082e-01
-8.214921951293945312e-01
-9.147021770477294922e-01
-9.888011217117309570e-01
-9.456681013107299805e-01
-7.673119306564331055e-01
-9.251585602760314941e-01
-7.696952819824218750e-01
-7.604984045028686523e-01
-9.719111323356628418e-01
-6.656067967414855957e-01
-8.765252232551574707e-01
-8.660040497779846191e-01
-8.118677735328674316e-01
-9.586222171783447266e-01
-7.572333216667175293e-01
-1.058389186859130859e+00
-7.912302613258361816e-01
-9.007642865180969238e-01
-8.210322260856628418e-01
-8.377022147178649902e-01
-6.346769928932189941e-01
-7.274897098541259766e-01
-7.783439755439758301e-01
-7.198767066001892090e-01
-7.997524738311767578e-01
-7.679263353347778320e-01
7.451047003269195557e-02
-9.108633399009704590e-01
-8.094143271446228027e-01
-8.878890872001647949e-01
-2.724306285381317139e-01
-8.071578145027160645e-01
-7.611837983131408691e-01
-7.675162553787231445e-01
-8.001962304115295410e-01
-7.723133563995361328e-01
-8.133795261383056641e-01
-7.497027516365051270e-01
-1.038774967193603516e+00
-8.913047909736633301e-01
-9.503089785575866699e-01
-7.614601254463195801e-01
-7.872329354286193848e-01
-6.996060013771057129e-01
-8.196538686752319336e-01
-7.379216551780700684e-01
-9.810774326324462891e-01
-8.490956425666809082e-01
-8.551970124244689941e-01
-1.107111334800720215e+00
-8.399680852890014648e-01
-7.918481826782226562e-01
-9.489238858222961426e-01
-7.585982084274291992e-01
-5.096154212951660156e-01
-7.636050581932067871e-01
-1.098570942878723145e+00
-7.047631740570068359e-01
-7.445515394210815430e-01
-8.214533925056457520e-01
-7.236840724945068359e-01
-8.824670910835266113e-01
-5.910036563873291016e-01
-1.008349776268005371e+00
-7.644358277320861816e-01
-8.607668876647949219e-01
-8.675970435142517090e-01
-6.184478402137756348e-01
-8.228468298912048340e-01
-2.931073307991027832e-01
-1.025303006172180176e+00
-3.281733393669128418e-01
-9.281558394432067871e-01
-8.870392441749572754e-01
-7.730957865715026855e-01
-1.067302823066711426e+00
-8.240599036216735840e-01
-7.843590974807739258e-01
-1.691066026687622070e+00
3.654932836070656776e-03
-7.435608506202697754e-01
-9.557054638862609863e-01
-8.701486587524414062e-01
-8.405921459197998047e-01
-9.530651569366455078e-01
-9.864993095397949219e-01
-1.989536881446838379e-01
-9.318171739578247070e-01
-8.338965177536010742e-01
-1.022096037864685059e+00
-9.148736000061035156e-01
-7.438696026802062988e-01
-8.025256395339965820e-01
-8.105257153511047363e-01
-8.747372627258300781e-01
-7.835519909858703613e-01
-7.759063243865966797e-01
-8.172500133514404297e-01
-2.158805280923843384e-01
-9.525154232978820801e-01
-1.218823313713073730e+00
-9.241276383399963379e-01
-8.361199498176574707e-01
-7.576587796211242676e-01
-7.296174168586730957e-01
-7.039439082145690918e-01
-8.079263567924499512e-01
-7.595007419586181641e-01
-8.230618834495544434e-01
-9.171127080917358398e-01
-1.111066460609436035e+00
-8.391534090042114258e-01
-8.605263233184814453e-01
-1.099073410034179688e+00
-5.812836885452270508e-01
-8.792533874511718750e-01
-7.904806733131408691e-01
-9.490430355072021484e-01
-7.310252785682678223e-01
-1.006978273391723633e+00
-7.988941669464111328e-01
-7.726131081581115723e-01
-1.199697256088256836e+00
-7.900258302688598633e-01
-8.383597135543823242e-01
-7.182288765907287598e-01
-7.433622479438781738e-01
-1.133925557136535645e+00
-3.550012409687042236e-01
-7.319482564926147461e-01
4.429188743233680725e-02
-7.373884320259094238e-01
-1.057432532310485840e+00
-7.878365516662597656e-01
