-1.150629520416259766e+00
-1.257982015609741211e+00
-1.329262733459472656e+00
-1.316962838172912598e+00
-1.296377420425415039e+00
-1.189625859260559082e+00
-1.213249325752258301e+00
-1.219523549079895020e+00
-1.271926999092102051e+00
-1.188136816024780273e+00
-1.226176023483276367e+00
-1.193255424499511719e+00
-1.188022851943969727e+00
-1.211454868316650391e+00
-1.121374487876892090e+00
-1.403422236442565918e+00
-1.199585437774658203e+00
-1.401702404022216797e+00
-1.202970743179321289e+00
-1.452522993087768555e+00
-1.198042511940002441e+00
-1.279500722885131836e+00
-1.208705902099609375e+00
-1.247604966163635254e+00
-1.206550121307373047e+00
-1.290232419967651367e+00
-1.249476790428161621e+00
-1.319440722465515137e+00
-1.123724818229675293e+00
-1.279380559921264648e+00
-1.221846580505371094e+00
-1.339873313903808594e+00
-1.173410177230834961e+00
-1.235865831375122070e+00
-1.181129693984985352e+00
-1.411975502967834473e+00
-1.139486432075500488e+00
-3.839463293552398682e-01
-1.208827137947082520e+00
-1.174833178520202637e+00
-1.269639015197753906e+00
-1.173197269439697266e+00
-5.963993072509765625e-01
-1.327726840972900391e+00
-1.163983583450317383e+00
-1.273023962974548340e+00
-1.466848969459533691e+00
-1.167796730995178223e+00
-1.246314764022827148e+00
-1.216025233268737793e+00
-1.301275253295898438e+00
-1.153721094131469727e+00
-1.281709671020507812e+00
-1.235967993736267090e+00
-1.178955674171447754e+00
-8.167780041694641113e-01
-1.392117142677307129e+00
-1.298264265060424805e+00
-1.222486615180969238e+00
-1.344509959220886230e+00
-1.260039210319519043e+00
-9.751265048980712891e-01
5.505260229110717773e-01
-1.221508026123046875e+00
-1.175109148025512695e+00
-1.264556050300598145e+00
-1.414211392402648926e+00
-1.229872822761535645e+00
-1.343116998672485352e+00
-1.273019194602966309e+00
-1.254824638366699219e+00
-1.513667464256286621e+00
-1.104096531867980957e+00
-1.398275136947631836e+00
-9.142864346504211426e-01
-1.223289370536804199e+00
-1.154875278472900391e+00
-4.552801549434661865e-01
-1.231927514076232910e+00
-1.267992258071899414e+00
-9.992083311080932617e-01
-1.240890979766845703e+00
-1.217124462127685547e+00
-1.100216746330261230e+00
-1.149339675903320312e+00
-1.314672708511352539e+00
-1.210262775421142578e+00
-6.838191151618957520e-01
-1.226095080375671387e+00
-1.310897231101989746e+00
-1.287537217140197754e+00
-1.355832695960998535e+00
-1.223963737487792969e+00
-1.176255702972412109e+00
-1.186736345291137695e+00
-1.258878111839294434e+00
-1.223876476287841797e+00
-1.350231766700744629e+00
-1.250078082084655762e+00
-1.296006321907043457e+00
-1.182590842247009277e+00
-1.291263461112976074e+00
-1.290937185287475586e+00
-1.229067564010620117e+00
-1.281584858894348145e+00
-1.242106556892395020e+00
-1.304069519042968750e+00
-1.290153980255126953e+00
-1.210772395133972168e+00
-1.390090107917785645e+00
-1.414661049842834473e+00
-1.134930968284606934e+00
-5.225428938865661621e-01
-1.219128251075744629e+00
-1.290148377418518066e+00
-5.918550491333007812e-01
-1.290890336036682129e+00
-1.236778616905212402e+00
-1.347446918487548828e+00
-1.177525758743286133e+00
-1.040075659751892090e+00
-1.423097252845764160e+00
-1.138153314590454102e+00
-1.129249691963195801e+00
-1.212157487869262695e+00
-1.322483897209167480e+00
-1.207873106002807617e+00
-1.378914952278137207e+00
-1.215727686882019043e+00
-1.217919707298278809e+00
-1.179798007011413574e+00
-1.191948533058166504e+00
-1.252834439277648926e+00
-1.297799348831176758e+00
-1.283211469650268555e+00
-1.170723557472229004e+00
-1.296085715293884277e+00
-1.298953533172607422e+00
-1.243195652961730957e+00
-1.219337701797485352e+00
-1.041002154350280762e+00
-1.226596355438232422e+00
-1.178918957710266113e+00
-1.283950328826904297e+00
-1.248031377792358398e+00
-1.388667941093444824e+00
-1.278927206993103027e+00
-1.498770713806152344e+00
-1.157188534736633301e+00
-1.185557126998901367e+00
-1.286000251770019531e+00
-1.250478625297546387e+00
-1.262256264686584473e+00
-1.295889019966125488e+00
-1.008385658264160156e+00
-1.180624485015869141e+00
-1.084491133689880371e+00
-1.052799701690673828e+00
-1.251038074493408203e+00
-1.190631508827209473e+00
-1.268065333366394043e+00
-1.191916227340698242e+00
-1.193450689315795898e+00
-1.268360018730163574e+00
-1.379597067832946777e+00
-1.118857622146606445e+00
-1.202344059944152832e+00
-1.203808069229125977e+00
-1.226070880889892578e+00
-1.279261231422424316e+00
-1.207992553710937500e+00
-1.243288040161132812e+00
-1.337231993675231934e+00
-1.153673410415649414e+00
-1.213740348815917969e+00
-1.259028911590576172e+00
-8.802379369735717773e-01
-1.273099660873413086e+00
-1.319032073020935059e+00
-1.274495124816894531e+00
-1.280811071395874023e+00
-1.255836129188537598e+00
-8.820249438285827637e-01
-1.064805626869201660e+00
-1.136390209197998047e+00
-1.179760932922363281e+00
-1.124328970909118652e+00
-1.299356222152709961e+00
-1.256401896476745605e+00
-1.231551170349121094e+00
-1.232553243637084961e+00
-1.202909946441650391e+00
-1.261575818061828613e+00
-6.203420162200927734e-01
-1.278724312782287598e+00
-1.239691615104675293e+00
-1.270364642143249512e+00
-1.190122961997985840e+00
-1.222591280937194824e+00
-1.227220416069030762e+00
-1.295110344886779785e+00
-1.229525208473205566e+00
-4.121431410312652588e-01
-1.323553800582885742e+00
-1.166843414306640625e+00
-4.805228114128112793e-01
-1.194555878639221191e+00
-7.674675583839416504e-01
-1.023101449012756348e+00
-1.346291422843933105e+00
-1.258132219314575195e+00
-1.042247772216796875e+00
-1.271971702575683594e+00
-1.240899085998535156e+00
-1.297676444053649902e+00
-1.275132417678833008e+00
-1.285856842994689941e+00
-1.168953537940979004e+00
-1.233070015907287598e+00
-1.327799320220947266e+00
-1.284399867057800293e+00
-1.302110791206359863e+00
-5.624889135360717773e-01
-1.145450234413146973e+00
1.211063750088214874e-02
-1.258220195770263672e+00
-7.746953368186950684e-01
-1.290504336357116699e+00
-1.326873302459716797e+00
-5.014791488647460938e-01
-1.171119332313537598e+00
-1.367933034896850586e+00
-1.444587707519531250e+00
-1.160645723342895508e+00
-1.172668099403381348e+00
-9.246842265129089355e-01
-4.861439466476440430e-01
-1.200799703598022461e+00
-1.252772569656372070e+00
-1.216841936111450195e+00
-1.182441711425781250e+00
-1.221536159515380859e+00
-1.244748473167419434e+00
-1.249472141265869141e+00
-1.482622981071472168e+00
-1.256125688552856445e+00
-5.725924372673034668e-01
-1.382593989372253418e+00
-1.145845651626586914e+00
-1.249281406402587891e+00
-1.265060782432556152e+00
-1.254154443740844727e+00
-1.096038103103637695e+00
-1.297200918197631836e+00
-1.378951191902160645e+00
-1.340588569641113281e+00
-1.529375314712524414e+00
-1.265844702720642090e+00
-1.247979879379272461e+00
-1.259374976158142090e+00
-5.389426350593566895e-01
-1.256542205810546875e+00
-1.123754262924194336e+00
-1.395941138267517090e+00
-1.426681399345397949e+00
-1.322452902793884277e+00
-1.196538329124450684e+00
-1.224196910858154297e+00
-1.185091137886047363e+00
-1.307440638542175293e+00
-1.303549408912658691e+00
-1.200008034706115723e+00
-9.910777211189270020e-01
-1.064584732055664062e+00
-1.227730631828308105e+00
-1.204007387161254883e+00
-1.251197695732116699e+00
-1.155399203300476074e+00
-1.254520297050476074e+00
-1.305485367774963379e+00
-1.236777067184448242e+00
-1.235302686691284180e+00
-1.195845603942871094e+00
-1.328153133392333984e+00
-3.707250952720642090e-01
-1.276024699211120605e+00
-1.227225184440612793e+00
-1.274156212806701660e+00
-1.164405345916748047e+00
-1.165385842323303223e+00
-1.234950184822082520e+00
-1.207786440849304199e+00
-1.189033389091491699e+00
-1.245650649070739746e+00
-1.156949639320373535e+00
-1.204122900962829590e+00
-1.177846193313598633e+00
-1.277195096015930176e+00
-5.727303624153137207e-01
-1.302803277969360352e+00
-1.415880918502807617e+00
-1.928911209106445312e-01
-1.167669057846069336e+00
-1.166514754295349121e+00
-1.229770898818969727e+00
-1.466290116310119629e+00
-1.086814045906066895e+00
-1.200446963310241699e+00
-1.153135657310485840e+00
-1.282706499099731445e+00
-1.196690082550048828e+00
-1.164464116096496582e+00
-1.036835551261901855e+00
-4.909268463961780071e-04
-1.296223044395446777e+00
-1.181236982345581055e+00
-1.240845918655395508e+00
-1.157903909683227539e+00
-4.068677127361297607e-02
-1.353562235832214355e+00
-1.222833037376403809e+00
-1.222617983818054199e+00
-1.279727697372436523e+00
-1.145970225334167480e+00
-1.333716750144958496e+00
-1.169090270996093750e+00
-5.688174366950988770e-01
-1.339705348014831543e+00
-1.411603569984436035e+00
-1.278490185737609863e+00
-1.356456398963928223e+00
-1.164856910705566406e+00
-1.262226343154907227e+00
-1.202072381973266602e+00
-1.311351060867309570e+00
-1.181272983551025391e+00
-1.217273473739624023e+00
-1.165879964828491211e+00
-1.155329346656799316e+00
-7.100077867507934570e-01
-1.237705945968627930e+00
-1.384006619453430176e+00
-1.172020554542541504e+00
-9.859071969985961914e-01
-8.931393027305603027e-01
-1.226322412490844727e+00
-1.107005953788757324e+00
-1.137539863586425781e+00
-1.347729444503784180e+00
-1.308981060981750488e+00
-1.372581601142883301e+00
-1.353031396865844727e+00
-1.227387428283691406e+00
-1.232346773147583008e+00
-1.347007513046264648e+00
-1.197782754898071289e+00
-1.195997953414916992e+00
-1.279099225997924805e+00
-1.239229679107666016e+00
-1.192467570304870605e+00
-1.298135995864868164e+00
-1.214078664779663086e+00
-1.320743918418884277e+00
-1.241815328598022461e+00
-1.291380405426025391e+00
-1.152092814445495605e+00
-1.195182442665100098e+00
-1.187038421630859375e+00
-1.211884975433349609e+00
-1.097987055778503418e+00
-1.197890400886535645e+00
-1.236360549926757812e+00
-8.970867395401000977e-01
-1.204639434814453125e+00
-2.917120158672332764e-01
-1.278252005577087402e+00
-1.185013294219970703e+00
-1.387255668640136719e+00
-1.282513380050659180e+00
-1.248894691467285156e+00
-1.150766968727111816e+00
-9.133927226066589355e-01
-1.373511433601379395e+00
-7.133024334907531738e-01
-1.197213530540466309e+00
-6.733911037445068359e-01
-1.181645631790161133e+00
-1.217216134071350098e+00
-1.214722633361816406e+00
-1.218999028205871582e+00
-1.254793047904968262e+00
-1.286903023719787598e+00
-3.966055512428283691e-01
-1.288742303848266602e+00
-1.223717927932739258e+00
-1.463312625885009766e+00
-1.372868299484252930e+00
-9.293128252029418945e-01
-1.340541839599609375e+00
-1.294366240501403809e+00
4.285904467105865479e-01
1.042030081152915955e-01
6.316185593605041504e-01
5.455898046493530273e-01
5.438796281814575195e-01
5.364184379577636719e-01
3.769726157188415527e-01
5.930890440940856934e-01
4.667150676250457764e-01
4.442475438117980957e-01
5.296535491943359375e-01
3.857047259807586670e-01
5.221425890922546387e-01
4.571107327938079834e-01
3.865923285484313965e-01
6.953443288803100586e-01
5.137069821357727051e-01
1.610802412033081055e-01
4.375782012939453125e-01
2.255091220140457153e-01
5.907502174377441406e-01
6.252947449684143066e-01
5.767062902450561523e-01
4.812516868114471436e-01
4.723268747329711914e-01
5.751209259033203125e-01
5.985229015350341797e-01
3.430020436644554138e-02
1.962935477495193481e-01
6.317560672760009766e-01
4.118593037128448486e-01
6.289448142051696777e-01
5.621556043624877930e-01
6.430162787437438965e-01
4.755999743938446045e-01
6.336343288421630859e-01
5.576059818267822266e-01
6.891614794731140137e-01
5.355818271636962891e-01
4.477492272853851318e-01
4.305928349494934082e-01
4.846470952033996582e-01
6.667421460151672363e-01
3.031342327594757080e-01
4.162259697914123535e-01
5.760630965232849121e-01
6.344313025474548340e-01
4.876876175403594971e-01
5.310081839561462402e-01
6.265877485275268555e-01
5.070888400077819824e-01
5.556860566139221191e-01
5.924832820892333984e-01
3.393269181251525879e-01
3.822056949138641357e-01
5.436491966247558594e-01
6.679742932319641113e-01
5.550472140312194824e-01
5.934507846832275391e-01
6.062052249908447266e-01
5.674850940704345703e-01
4.051874577999114990e-01
7.951216101646423340e-01
3.991283774375915527e-01
5.161438584327697754e-01
6.561005711555480957e-01
5.297280550003051758e-01
6.408274173736572266e-01
5.917269587516784668e-01
6.249391436576843262e-01
5.789670348167419434e-01
5.490443706512451172e-01
4.693816900253295898e-01
5.827485322952270508e-01
6.589934825897216797e-01
6.233891248703002930e-01
3.896026313304901123e-01
1.093631148338317871e+00
3.681608736515045166e-01
6.531840562820434570e-01
2.165389060974121094e-01
5.907445549964904785e-01
3.850123286247253418e-01
3.708484470844268799e-01
4.454107582569122314e-01
5.748037695884704590e-01
6.385934948921203613e-01
5.221440196037292480e-01
4.740258753299713135e-01
6.370269656181335449e-01
5.446690917015075684e-01
5.550789237022399902e-01
4.240908026695251465e-01
3.809856176376342773e-01
4.812109172344207764e-01
4.905135929584503174e-01
6.193365454673767090e-01
6.255412697792053223e-01
5.073935389518737793e-01
6.652783155441284180e-01
6.336700916290283203e-01
6.304597258567810059e-01
6.367176175117492676e-01
5.653254389762878418e-01
6.518649458885192871e-01
5.548264384269714355e-01
6.194417476654052734e-01
6.329721212387084961e-01
5.287052989006042480e-01
4.968776106834411621e-01
5.691726207733154297e-01
4.028735160827636719e-01
6.623922586441040039e-01
5.158901810646057129e-01
3.360066413879394531e-01
7.086259722709655762e-01
6.458218693733215332e-01
5.723352432250976562e-01
6.417507529258728027e-01
5.417537093162536621e-01
3.904395997524261475e-01
5.632357597351074219e-01
4.503936767578125000e-01
4.504761099815368652e-01
5.215585827827453613e-01
4.600499272346496582e-01
5.656548142433166504e-01
5.533552169799804688e-01
4.442903399467468262e-01
5.896019935607910156e-01
4.655777812004089355e-01
3.819788694381713867e-01
6.128706336021423340e-01
6.225962042808532715e-01
5.957948565483093262e-01
4.481197595596313477e-01
6.500162482261657715e-01
5.418964624404907227e-01
5.737534165382385254e-01
3.909584879875183105e-01
5.349365472793579102e-01
5.343690514564514160e-01
4.608431756496429443e-01
5.064201354980468750e-01
6.061707735061645508e-01
3.500809073448181152e-01
6.752045154571533203e-01
5.752411484718322754e-01
4.419732391834259033e-01
4.406446516513824463e-01
6.358675956726074219e-01
6.360365152359008789e-01
6.256093382835388184e-01
6.216996312141418457e-01
5.461370944976806641e-01
4.456310570240020752e-01
3.801938891410827637e-01
4.062698483467102051e-01
6.239288449287414551e-01
5.594632029533386230e-01
6.680392622947692871e-01
5.231915712356567383e-01
5.529713630676269531e-01
6.354830861091613770e-01
3.097391128540039062e-01
4.737494587898254395e-01
4.066684842109680176e-01
4.557496905326843262e-01
4.528366625308990479e-01
5.247231721878051758e-01
5.228154659271240234e-01
6.022492647171020508e-01
6.298426389694213867e-01
4.797065556049346924e-01
4.345225095748901367e-01
5.814030766487121582e-01
3.000715076923370361e-01
5.502284765243530273e-01
6.583384275436401367e-01
5.920069813728332520e-01
6.024890542030334473e-01
5.403389334678649902e-01
4.751028716564178467e-01
-5.233271047472953796e-02
3.483332693576812744e-01
4.750628471374511719e-01
4.474300146102905273e-01
5.304590463638305664e-01
5.818782448768615723e-01
4.899016320705413818e-01
5.999905467033386230e-01
4.976274669170379639e-01
5.398495197296142578e-01
3.657611608505249023e-01
6.684061288833618164e-01
6.000540256500244141e-01
6.055675745010375977e-01
4.318144023418426514e-01
5.684643387794494629e-01
5.360947251319885254e-01
6.254299879074096680e-01
6.396766304969787598e-01
7.024577260017395020e-01
5.357330441474914551e-01
5.477674603462219238e-01
5.988876819610595703e-01
4.806205630302429199e-01
5.752267837524414062e-01
1.559678614139556885e-01
5.231875181198120117e-01
5.378388762474060059e-01
3.738135695457458496e-01
6.095562577247619629e-01
5.390502810478210449e-01
6.430270671844482422e-01
6.427262425422668457e-01
6.409586071968078613e-01
5.063953995704650879e-01
5.785123109817504883e-01
6.458796858787536621e-01
5.753593444824218750e-01
5.563579201698303223e-01
6.420382857322692871e-01
4.834519922733306885e-01
1.047463536262512207e+00
6.559298038482666016e-01
5.718060731887817383e-01
5.206336379051208496e-01
5.044394135475158691e-01
7.005734443664550781e-01
5.758910179138183594e-01
5.835205316543579102e-01
6.456326246261596680e-01
3.707416057586669922e-01
3.894255757331848145e-01
4.582929611206054688e-01
7.281560897827148438e-01
4.704023301601409912e-01
5.534961819648742676e-01
5.603962540626525879e-01
5.680065155029296875e-01
4.357069730758666992e-01
6.325109601020812988e-01
5.252481102943420410e-01
3.768624961376190186e-01
5.809572339057922363e-01
1.881054341793060303e-01
5.409864187240600586e-01
4.589250981807708740e-01
4.862010180950164795e-01
5.678986310958862305e-01
6.471180915832519531e-01
5.555445551872253418e-01
5.246752500534057617e-01
6.689717769622802734e-01
5.338338017463684082e-01
4.283353686332702637e-01
6.388055086135864258e-01
4.396098852157592773e-01
5.581550598144531250e-01
6.593481898307800293e-01
6.316087245941162109e-01
2.585514187812805176e-01
5.526320338249206543e-01
5.897120237350463867e-01
6.549808382987976074e-01
5.390933156013488770e-01
6.040135622024536133e-01
4.284663200378417969e-01
2.810204029083251953e-01
6.105305552482604980e-01
3.803875148296356201e-01
4.463367462158203125e-01
5.750349164009094238e-01
5.582520961761474609e-01
5.494495034217834473e-01
5.963954329490661621e-01
4.535344839096069336e-01
5.595195293426513672e-01
5.416349172592163086e-01
6.023064255714416504e-01
4.532949924468994141e-01
5.272606611251831055e-01
5.967814922332763672e-01
8.504903912544250488e-01
6.028952598571777344e-01
5.745908617973327637e-01
6.134104728698730469e-01
4.248813092708587646e-01
3.449025750160217285e-01
4.851146936416625977e-01
5.056087970733642578e-01
4.203490316867828369e-01
6.027168035507202148e-01
4.966061413288116455e-01
3.903370201587677002e-01
4.486213922500610352e-01
6.005576848983764648e-01
6.176592111587524414e-01
2.423166185617446899e-01
6.367405652999877930e-01
9.053715467453002930e-01
3.473446369171142578e-01
4.413306415081024170e-01
5.978528261184692383e-01
5.646537542343139648e-01
3.886941373348236084e-01
5.124211907386779785e-01
4.513915479183197021e-01
6.563466787338256836e-01
3.938469886779785156e-01
5.085181593894958496e-01
2.615179717540740967e-01
1.084183216094970703e+00
5.906647443771362305e-01
4.579984247684478760e-01
4.170125722885131836e-01
4.024999439716339111e-01
7.138223052024841309e-01
-8.523198962211608887e-02
6.026163697242736816e-01
5.552828907966613770e-01
5.216959118843078613e-01
5.373352169990539551e-01
5.600035786628723145e-01
4.653204083442687988e-01
6.187433004379272461e-01
1.093890815973281860e-01
6.953182816505432129e-01
6.367933154106140137e-01
1.729489266872406006e-01
4.715900123119354248e-01
6.042467951774597168e-01
5.355411171913146973e-01
6.554070115089416504e-01
3.774053156375885010e-01
5.493603944778442383e-01
4.595096111297607422e-01
4.621371328830718994e-01
3.470259904861450195e-01
3.905449807643890381e-01
5.187520384788513184e-01
4.972781836986541748e-01
2.553444206714630127e-01
2.397468537092208862e-01
4.028545320034027100e-01
4.799537956714630127e-01
4.048737585544586182e-01
5.492992401123046875e-01
5.155610442161560059e-01
5.717942118644714355e-01
5.645335912704467773e-01
3.891717493534088135e-01
3.688444197177886963e-01
5.285879969596862793e-01
5.315861701965332031e-01
4.072866141796112061e-01
5.977290868759155273e-01
6.313040256500244141e-01
4.476477503776550293e-01
2.051878347992897034e-02
5.134560465812683105e-01
6.274509429931640625e-01
3.215219378471374512e-01
5.069097876548767090e-01
3.669323027133941650e-01
4.482986032962799072e-01
5.595408678054809570e-01
3.870768249034881592e-01
3.698422610759735107e-01
4.015638232231140137e-01
6.304427981376647949e-01
6.084649562835693359e-01
5.479967594146728516e-01
8.219274878501892090e-01
6.140685677528381348e-01
5.283555984497070312e-01
1.625114232301712036e-01
6.278043389320373535e-01
6.078688502311706543e-01
3.958996236324310303e-01
2.826825082302093506e-01
6.146956682205200195e-01
6.148153543472290039e-01
4.566458761692047119e-01
9.119275212287902832e-01
4.557845592498779297e-01
5.561749935150146484e-01
5.776186585426330566e-01
4.964114129543304443e-01
5.978847742080688477e-01
5.455112457275390625e-01
6.999036669731140137e-01
5.301746726036071777e-01
5.678597092628479004e-01
5.577881932258605957e-01
1.027504801750183105e-01
6.004889011383056641e-01
6.109278798103332520e-01
6.514727473258972168e-01
-7.148174103349447250e-03
1.811777241528034210e-02
-1.922867610119283199e-03
4.543312266469001770e-02
6.146439351141452789e-03
1.566449180245399475e-02
-6.295818835496902466e-03
5.164566449820995331e-03
7.039240747690200806e-02
1.016186783090233803e-03
1.103111729025840759e-02
-1.146623762906529009e-04
1.737107150256633759e-02
5.901710595935583115e-03
-5.843252409249544144e-03
-2.005621977150440216e-02
4.789725877344608307e-03
2.534687519073486328e-03
7.342414392041973770e-07
-2.484470233321189880e-02
6.992347072809934616e-03
5.128268618136644363e-03
-1.020966563373804092e-02
6.171271670609712601e-03
7.254757918417453766e-03
6.789297796785831451e-03
1.192660350352525711e-02
2.218799106776714325e-02
-1.682008244097232819e-02
-1.064865943044424057e-02
3.497407305985689163e-03
3.443973371759057045e-03
1.259481068700551987e-02
-5.720849148929119110e-03
7.362136151641607285e-03
-8.015404455363750458e-03
5.027496442198753357e-02
1.727404743432998657e-01
-5.102183786220848560e-04
1.019147224724292755e-02
1.765283988788723946e-03
-5.894737318158149719e-03
-1.300692707300186157e-01
1.555610168725252151e-02
1.479778438806533813e-02
7.636887487024068832e-03
1.569778472185134888e-02
5.142545327544212341e-03
5.227125436067581177e-02
3.872175468131899834e-03
6.170586217194795609e-03
2.881879732012748718e-02
2.133036404848098755e-02
6.541661173105239868e-02
-1.360715273767709732e-02
1.198085248470306396e-01
1.750281825661659241e-02
-1.319523900747299194e-02
-6.633893121033906937e-03
3.107102960348129272e-02
-2.991190878674387932e-03
1.312829256057739258e-01
2.673430554568767548e-02
-2.651751507073640823e-03
1.368106529116630554e-02
8.778330869972705841e-03
6.830877624452114105e-03
1.773320138454437256e-02
7.126372307538986206e-02
4.834531340748071671e-03
-1.022101496346294880e-03
-7.349395006895065308e-02
-4.210463259369134903e-03
2.793450141325592995e-03
-1.199659630656242371e-01
3.815962746739387512e-02
-1.247866638004779816e-02
8.715967088937759399e-02
6.945241475477814674e-04
1.322799362242221832e-03
2.691039070487022400e-02
3.708061203360557556e-02
1.302923075854778290e-03
1.156943384557962418e-02
-1.552051305770874023e-02
4.287442192435264587e-02
7.351343985646963120e-03
1.387286037206649780e-01
2.465722849592566490e-03
1.178726460784673691e-02
5.210956186056137085e-02
-6.680488586425781250e-03
-4.335604608058929443e-03
-2.752199769020080566e-03
-1.205619983375072479e-02
-5.026875063776969910e-03
5.411209538578987122e-03
-9.613078087568283081e-03
5.242697661742568016e-04
-2.046548388898372650e-02
-3.354688733816146851e-02
2.738453261554241180e-02
3.070176392793655396e-02
-3.798997495323419571e-03
1.121876481920480728e-02
8.631699718534946442e-03
-2.925144741311669350e-03
-1.490928884595632553e-02
1.286057662218809128e-02
-5.086388438940048218e-02
-2.679102495312690735e-02
-2.998091280460357666e-03
-1.168942227959632874e-01
8.415218326263129711e-04
-5.365907680243253708e-03
-1.112198084592819214e-01
-3.230495005846023560e-02
1.436203531920909882e-02
-3.014162927865982056e-02
6.910362862981855869e-04
-2.554929442703723907e-02
-1.917735487222671509e-02
-1.758853904902935028e-04
3.859633870888501406e-04
-1.215394400060176849e-02
-4.398173186928033829e-03
-4.715438000857830048e-03
1.811070553958415985e-02
4.040810745209455490e-03
-2.051391871646046638e-03
-1.231353171169757843e-02
-6.145255174487829208e-03
7.278619334101676941e-03
4.232616629451513290e-03
5.107532069087028503e-02
1.057701651006937027e-02
-2.758775465190410614e-02
-1.057417318224906921e-02
4.091961309313774109e-02
8.473892696201801300e-03
-5.146127194166183472e-02
-3.657138906419277191e-03
8.101383224129676819e-03
4.953683540225028992e-02
-8.083214052021503448e-03
3.240432124584913254e-04
-8.473239839076995850e-03
-3.502416610717773438e-02
3.018794814124703407e-04
-7.581267505884170532e-02
5.026137921959161758e-03
6.332261487841606140e-03
-9.452184662222862244e-03
-1.998672075569629669e-02
-1.002441868185997009e-01
9.901943616569042206e-03
-1.220440864562988281e-02
-1.909846998751163483e-02
-5.264919600449502468e-04
1.204122044146060944e-02
-1.842018403112888336e-02
1.499344501644372940e-02
-1.013691653497517109e-03
9.480526205152273178e-04
-7.797618862241506577e-03
4.993765614926815033e-03
-8.455715142190456390e-03
-4.415940959006547928e-03
4.561333917081356049e-03
-2.284461166709661484e-03
2.489127917215228081e-03
2.564886817708611488e-03
-1.431673485785722733e-02
3.356164554134011269e-03
-9.998288936913013458e-03
2.137538278475403786e-03
3.601321950554847717e-02
1.130396965891122818e-02
-4.208693746477365494e-03
6.987619213759899139e-03
-2.511803805828094482e-02
-3.701323643326759338e-03
-1.211914122104644775e-01
-6.784843653440475464e-02
1.281351130455732346e-02
1.517422590404748917e-02
-1.091629080474376678e-02
4.527220502495765686e-02
-6.983883213251829147e-03
7.702623959630727768e-03
-4.597547929733991623e-03
-2.569779288023710251e-03
3.030798770487308502e-02
-1.086623668670654297e-01
-1.508394908159971237e-02
7.824387401342391968e-03
2.575700636953115463e-03
-8.004412986338138580e-03
9.008105844259262085e-03
-7.600259501487016678e-03
-3.754389006644487381e-03
2.601238526403903961e-02
-1.218147724866867065e-01
1.790224690921604633e-03
9.402313269674777985e-03
-1.358069330453872681e-01
-6.121048238128423691e-03
-1.369420439004898071e-01
-8.441183716058731079e-02
2.024652063846588135e-02
-8.006880059838294983e-03
1.764363981783390045e-02
1.190742291510105133e-02
5.514361895620822906e-03
1.816805452108383179e-02
1.614817790687084198e-02
4.658723250031471252e-03
-1.883768476545810699e-03
-8.834187872707843781e-03
-1.988313905894756317e-02
-3.676374256610870361e-02
-9.046761319041252136e-03
1.224686428904533386e-01
8.850967511534690857e-03
3.555678725242614746e-01
3.925496246665716171e-03
1.289725899696350098e-01
2.882924396544694901e-03
-4.279949888586997986e-02
-1.166685894131660461e-01
-5.144464969635009766e-02
-3.884470835328102112e-02
2.144262567162513733e-02
1.651799678802490234e-02
1.914934604428708553e-03
-1.344499289989471436e-01
-1.163274049758911133e-01
4.039702005684375763e-03
4.831898957490921021e-03
-9.093727916479110718e-03
-5.862970137968659401e-04
4.810352809727191925e-03
-1.526679843664169312e-02
-1.206621341407299042e-02
1.785807311534881592e-02
-9.324253536760807037e-03
-7.557362318038940430e-02
2.262468822300434113e-02
-1.589118619449436665e-03
-5.863302852958440781e-03
5.574326962232589722e-03
-1.252989284694194794e-03
5.109398439526557922e-02
4.052516538649797440e-03
-2.088458836078643799e-02
-3.451836481690406799e-02
-3.661051765084266663e-02
-2.777705900371074677e-03
3.691424382850527763e-03
8.120886981487274170e-03
1.408085823059082031e-01
2.291634120047092438e-02
-8.576622232794761658e-03
-1.286684535443782806e-02
-1.621528528630733490e-03
-3.897896781563758850e-02
9.056301414966583252e-02
-6.589584052562713623e-03
1.423790212720632553e-02
6.455964408814907074e-03
-1.569182053208351135e-02
-5.720161716453731060e-04
-1.130881756544113159e-01
-9.749989956617355347e-02
-1.363676879554986954e-02
1.366378832608461380e-02
-8.265783078968524933e-03
1.217957027256488800e-02
5.832020565867424011e-02
-9.051959030330181122e-03
3.248180821537971497e-02
3.711576340720057487e-03
7.016407325863838196e-03
-1.056293398141860962e-02
1.197223812341690063e-01
1.978981075808405876e-03
4.932508338242769241e-03
2.120549045503139496e-02
6.333575583994388580e-03
-1.161193568259477615e-02
2.801802707836031914e-03
-5.120808258652687073e-03
-4.757600618177093565e-05
3.188126953318715096e-03
-1.691262237727642059e-02
2.446903381496667862e-03
-8.390935137867927551e-03
3.581659868359565735e-02
1.357547640800476074e-01
-1.057158922776579857e-03
-1.747659035027027130e-02
-2.444847822189331055e-01
-1.389136258512735367e-02
3.309145104140043259e-03
3.017746470868587494e-02
-3.035317733883857727e-02
-1.598818041384220123e-02
-9.375410154461860657e-03
7.930344901978969574e-03
6.608687341213226318e-03
-8.045874536037445068e-03
1.529548503458499908e-02
-2.758890949189662933e-02
3.880265951156616211e-01
2.155185444280505180e-03
-7.905574515461921692e-03
-5.819620098918676376e-03
-1.021138112992048264e-02
-2.919015847146511078e-02
3.645049035549163818e-02
-4.537089541554450989e-02
3.448954550549387932e-03
5.538657424040138721e-04
-1.431556738680228591e-04
1.726625859737396240e-02
-1.541330944746732712e-02
1.790362596511840820e-01
-4.627406969666481018e-02
-3.185325860977172852e-02
3.579627722501754761e-03
-9.299124591052532196e-03
1.413057278841733932e-02
6.463919300585985184e-03
1.932220300659537315e-03
5.785475950688123703e-03
-1.811730471672490239e-04
1.168736908584833145e-02
-2.087501250207424164e-02
5.839157965965569019e-04
-1.034919321537017822e-01
5.336009897291660309e-03
2.898437669500708580e-03
-8.080913126468658447e-02
-2.873778529465198517e-02
-4.304765537381172180e-02
-1.549396896734833717e-03
-8.100509643554687500e-02
-7.827742956578731537e-03
1.209810841828584671e-02
5.801020562648773193e-02
1.764490734785795212e-04
5.965257063508033752e-03
-1.241877675056457520e-03
2.153669716790318489e-03
2.713205106556415558e-02
-5.088679492473602295e-02
1.224034465849399567e-03
-8.795225061476230621e-03
-5.652606487274169922e-04
1.192336995154619217e-02
-1.905555836856365204e-02
5.558901466429233551e-03
1.690774783492088318e-02
-1.325128320604562759e-02
-4.418097902089357376e-03
1.312967389822006226e-02
1.406417321413755417e-02
1.395559497177600861e-02
-6.179297342896461487e-03
-1.680942438542842865e-02
-8.094953373074531555e-03
1.917115412652492523e-02
1.307944506406784058e-01
2.660797443240880966e-03
-2.367028743028640747e-01
-8.000218076631426811e-04
-4.989701509475708008e-02
4.281805455684661865e-02
4.334985744208097458e-03
2.454702369868755341e-02
2.852250821888446808e-03
3.655163571238517761e-02
1.306838914752006531e-02
1.451178044080734253e-01
-6.602344103157520294e-03
7.984437793493270874e-02
-1.351079158484935760e-02
1.248218584805727005e-03
5.754062440246343613e-03
-1.314477808773517609e-02
6.092787254601716995e-03
-4.447952378541231155e-03
-1.438087970018386841e-01
-1.299906056374311447e-02
1.057930011302232742e-02
-2.824788168072700500e-02
3.579308837652206421e-02
-9.517142176628112793e-02
-1.737574581056833267e-03
7.022974081337451935e-03
-1.184617161750793457e+00
-1.210538029670715332e+00
-1.230270862579345703e+00
-1.253437638282775879e+00
-1.251985669136047363e+00
-1.156921386718750000e+00
-1.239903092384338379e+00
-1.145583629608154297e+00
-1.187528848648071289e+00
-1.199178218841552734e+00
-1.202349901199340820e+00
-1.204124927520751953e+00
-1.169878602027893066e+00
-1.204513192176818848e+00
-1.152340888977050781e+00
-1.285490870475769043e+00
-1.192101120948791504e+00
-1.387897133827209473e+00
-1.222938060760498047e+00
-1.389622449874877930e+00
-1.141881227493286133e+00
-1.186751961708068848e+00
-1.150308251380920410e+00
-1.264910817146301270e+00
-1.189327001571655273e+00
-1.197762489318847656e+00
-1.178388237953186035e+00
-1.201011538505554199e+00
-1.192525148391723633e+00
-1.195051074028015137e+00
-1.232811212539672852e+00
-1.249172568321228027e+00
-1.127006173133850098e+00
-1.177809238433837891e+00
-1.181860089302062988e+00
-1.322384595870971680e+00
-1.114952445030212402e+00
-4.041817784309387207e-01
-1.154322266578674316e+00
-1.167267680168151855e+00
-1.273592352867126465e+00
-1.176631927490234375e+00
-5.708184242248535156e-01
-1.269495606422424316e+00
-1.170025944709777832e+00
-1.192747473716735840e+00
-1.369246721267700195e+00
-1.166970491409301758e+00
-1.181582808494567871e+00
-1.155155658721923828e+00
-1.258256673812866211e+00
-1.118637442588806152e+00
-1.205451130867004395e+00
-1.174710154533386230e+00
-1.195059657096862793e+00
-8.065672516822814941e-01
-1.277426242828369141e+00
-1.217040538787841797e+00
-1.181819558143615723e+00
-1.265832066535949707e+00
-1.197159647941589355e+00
-9.054052829742431641e-01
3.736458420753479004e-01
-1.232137203216552734e+00
-1.151571512222290039e+00
-1.179796099662780762e+00
-1.334857583045959473e+00
-1.176018357276916504e+00
-1.309850573539733887e+00
-1.222342133522033691e+00
-1.180526018142700195e+00
-1.456838250160217285e+00
-1.109412431716918945e+00
-1.301036357879638672e+00
-8.985716104507446289e-01
-1.176332950592041016e+00
-1.162772178649902344e+00
-4.527678787708282471e-01
-1.263229250907897949e+00
-1.186584353446960449e+00
-1.046982765197753906e+00
-1.214146733283996582e+00
-1.237666726112365723e+00
-1.129257917404174805e+00
-1.139175057411193848e+00
-1.220320105552673340e+00
-1.161747694015502930e+00
-4.813703894615173340e-01
-1.210541367530822754e+00
-1.228589653968811035e+00
-1.228759407997131348e+00
-1.275206089019775391e+00
-1.218357682228088379e+00
-1.194768905639648438e+00
-1.186456322669982910e+00
-1.203278064727783203e+00
-1.171635150909423828e+00
-1.257867336273193359e+00
-1.208645939826965332e+00
-1.217705607414245605e+00
-1.147658586502075195e+00
-1.215970158576965332e+00
-1.226837396621704102e+00
-1.156659722328186035e+00
-1.210895657539367676e+00
-1.207347393035888672e+00
-1.216993808746337891e+00
-1.205839872360229492e+00
-1.184602379798889160e+00
-1.283082127571105957e+00
-1.295758843421936035e+00
-1.147254705429077148e+00
-5.314179658889770508e-01
-1.209517836570739746e+00
-1.243163943290710449e+00
-5.865273475646972656e-01
-1.219029903411865234e+00
-1.176989674568176270e+00
-1.284273505210876465e+00
-1.155853271484375000e+00
-1.060286998748779297e+00
-1.351954698562622070e+00
-1.146318197250366211e+00
-1.157586812973022461e+00
-1.185674309730529785e+00
-1.274174809455871582e+00
-1.171802878379821777e+00
-1.365097165107727051e+00
-1.222008466720581055e+00
-1.179010152816772461e+00
-1.187667846679687500e+00
-1.234318137168884277e+00
-1.176777720451354980e+00
-1.226386189460754395e+00
-1.251423597335815430e+00
-1.158582687377929688e+00
-1.250070214271545410e+00
-1.218005180358886719e+00
-1.229514718055725098e+00
-1.227679848670959473e+00
-1.214146614074707031e+00
-1.182994246482849121e+00
-1.168046593666076660e+00
-1.205441951751708984e+00
-1.169493675231933594e+00
-1.387957096099853516e+00
-1.203633904457092285e+00
-1.368469119071960449e+00
-1.164169788360595703e+00
-1.112894058227539062e+00
-1.193678617477416992e+00
-1.197091817855834961e+00
-1.173271298408508301e+00
-1.223121166229248047e+00
-9.708155393600463867e-01
-1.165902137756347656e+00
-1.095352530479431152e+00
-1.080124020576477051e+00
-1.183283805847167969e+00
-1.161105394363403320e+00
-1.183432698249816895e+00
-1.149589776992797852e+00
-1.175967454910278320e+00
-1.184708476066589355e+00
-1.324255347251892090e+00
-1.125491976737976074e+00
-1.223941445350646973e+00
-1.202465176582336426e+00
-1.245635628700256348e+00
-1.228486657142639160e+00
-1.194501638412475586e+00
-1.185283064842224121e+00
-1.264726877212524414e+00
-1.160798311233520508e+00
-1.215503692626953125e+00
-1.185180068016052246e+00
-9.574877023696899414e-01
-1.220921039581298828e+00
-1.226138472557067871e+00
-1.208799123764038086e+00
-1.213734388351440430e+00
-1.211518168449401855e+00
-8.563971519470214844e-01
-9.634244441986083984e-01
-1.149717330932617188e+00
-1.190196514129638672e+00
-1.137793660163879395e+00
-1.227373480796813965e+00
-1.213633298873901367e+00
-1.208188891410827637e+00
-1.170541882514953613e+00
-1.181353807449340820e+00
-1.179659605026245117e+00
-7.161455154418945312e-01
-1.221993684768676758e+00
-1.182567238807678223e+00
-1.180451631546020508e+00
-1.199473023414611816e+00
-1.180685400962829590e+00
-1.195247650146484375e+00
-1.197997450828552246e+00
-1.188253402709960938e+00
-4.066253602504730225e-01
-1.269891023635864258e+00
-1.143241047859191895e+00
-5.043709874153137207e-01
-1.176509499549865723e+00
-7.387871146202087402e-01
-9.503793716430664062e-01
-1.251413226127624512e+00
-1.220701456069946289e+00
-1.096713423728942871e+00
-1.202832102775573730e+00
-1.225880146026611328e+00
-1.226878285408020020e+00
-1.213759660720825195e+00
-1.184810400009155273e+00
-1.196291089057922363e+00
-1.177667856216430664e+00
-1.225736856460571289e+00
-1.203461766242980957e+00
-1.220437645912170410e+00
-5.586577653884887695e-01
-1.150582551956176758e+00
-1.972874552011489868e-01
-1.167306303977966309e+00
-7.503366470336914062e-01
-1.253038167953491211e+00
-1.255831003189086914e+00
-3.822839260101318359e-01
-1.149572491645812988e+00
-1.276253104209899902e+00
-1.413036227226257324e+00
-1.169296264648437500e+00
-1.175191879272460938e+00
-8.805806636810302734e-01
-4.768267869949340820e-01
-1.189720273017883301e+00
-1.204549074172973633e+00
-1.171107530593872070e+00
-1.170055150985717773e+00
-1.233721017837524414e+00
-1.191146492958068848e+00
-1.201517820358276367e+00
-1.376475453376770020e+00
-1.184753537178039551e+00
-6.488590836524963379e-01
-1.274968743324279785e+00
-1.185667634010314941e+00
-1.244367361068725586e+00
-1.196834087371826172e+00
-1.202160716056823730e+00
-1.084983110427856445e+00
-1.242172360420227051e+00
-1.275506973266601562e+00
-1.240965366363525391e+00
-1.418388843536376953e+00
-1.186487197875976562e+00
-1.251598119735717773e+00
-1.210693359375000000e+00
-3.787443339824676514e-01
-1.191410183906555176e+00
-1.193585872650146484e+00
-1.306003212928771973e+00
-1.320584297180175781e+00
-1.224784016609191895e+00
-1.125447988510131836e+00
-1.169202208518981934e+00
-1.173350572586059570e+00
-1.223030567169189453e+00
-1.289809346199035645e+00
-1.237232446670532227e+00
-9.452190995216369629e-01
-1.056361794471740723e+00
-1.164921998977661133e+00
-1.184058666229248047e+00
-1.179611325263977051e+00
-1.140004634857177734e+00
-1.181316852569580078e+00
-1.252491235733032227e+00
-1.220599532127380371e+00
-1.220005393028259277e+00
-1.153824925422668457e+00
-1.227740764617919922e+00
-1.734606027603149414e-01
-1.201957821846008301e+00
-1.177064895629882812e+00
-1.248276948928833008e+00
-1.177411556243896484e+00
-1.186581373214721680e+00
-1.217339038848876953e+00
-1.207494139671325684e+00
-1.196893930435180664e+00
-1.170654892921447754e+00
-1.139528155326843262e+00
-1.236878275871276855e+00
-1.182262778282165527e+00
-1.202673673629760742e+00
-5.806571841239929199e-01
-1.241326212882995605e+00
-1.314657211303710938e+00
-2.281469851732254028e-01
-1.190525174140930176e+00
-1.187152385711669922e+00
-1.176306486129760742e+00
-1.343547224998474121e+00
-1.110894918441772461e+00
-1.186729311943054199e+00
-1.157719969749450684e+00
-1.207878232002258301e+00
-1.238275289535522461e+00
-1.138493657112121582e+00
-1.055637717247009277e+00
-5.744668841361999512e-02
-1.210777521133422852e+00
-1.174713253974914551e+00
-1.210696101188659668e+00
-1.169423818588256836e+00
8.110938668251037598e-01
-1.272688508033752441e+00
-1.171264052391052246e+00
-1.182859182357788086e+00
-1.256531238555908203e+00
-1.157472133636474609e+00
-1.277663350105285645e+00
-1.153790473937988281e+00
-4.145981371402740479e-01
-1.259781956672668457e+00
-1.300832629203796387e+00
-1.202664971351623535e+00
-1.379185914993286133e+00
-1.142600893974304199e+00
-1.199205875396728516e+00
-1.235949754714965820e+00
-1.210689663887023926e+00
-1.228405237197875977e+00
-1.173406839370727539e+00
-1.153137087821960449e+00
-1.172796607017517090e+00
-5.536687970161437988e-01
-1.237340450286865234e+00
-1.321665644645690918e+00
-1.121469616889953613e+00
-1.010453820228576660e+00
-9.346625208854675293e-01
-1.235004544258117676e+00
-1.060554862022399902e+00
-1.152948379516601562e+00
-1.261849761009216309e+00
-1.224846005439758301e+00
-1.342916011810302734e+00
-1.300813198089599609e+00
-1.232322812080383301e+00
-1.246554851531982422e+00
-1.251337885856628418e+00
-1.158257246017456055e+00
-1.214243650436401367e+00
-1.205469012260437012e+00
-1.197715044021606445e+00
-1.192972540855407715e+00
-1.266524076461791992e+00
-1.194350719451904297e+00
-1.231293678283691406e+00
-1.255928635597229004e+00
-1.282514452934265137e+00
-1.174602150917053223e+00
-1.193952083587646484e+00
-1.151230573654174805e+00
-1.235019564628601074e+00
-1.129062414169311523e+00
-1.214454650878906250e+00
-1.164811015129089355e+00
-8.323805332183837891e-01
-1.155100941658020020e+00
-3.322515785694122314e-01
-1.212182879447937012e+00
-1.127058982849121094e+00
-1.484608530998229980e+00
-1.201383829116821289e+00
-1.193050026893615723e+00
-1.174216508865356445e+00
-9.671966433525085449e-01
-1.282372951507568359e+00
-7.018836736679077148e-01
-1.238302230834960938e+00
-6.186586618423461914e-01
-1.179073452949523926e+00
-1.195461869239807129e+00
-1.171203255653381348e+00
-1.194328784942626953e+00
-1.196791768074035645e+00
-1.286529898643493652e+00
-4.120641052722930908e-01
-1.198568105697631836e+00
-1.172634243965148926e+00
-1.352072119712829590e+00
-1.338012576103210449e+00
-9.405313730239868164e-01
-1.255226135253906250e+00
-1.205755829811096191e+00
