-1.162178158760070801e+00
-1.157693505287170410e+00
-1.333629727363586426e+00
-1.133739352226257324e+00
-1.110610604286193848e+00
-9.582414031028747559e-01
-1.292983889579772949e+00
-1.242036700248718262e+00
-1.385191082954406738e+00
-1.376430511474609375e+00
-1.154462337493896484e+00
-1.059036731719970703e+00
-1.200139284133911133e+00
-8.296408653259277344e-01
-1.141291737556457520e+00
-1.297423958778381348e+00
-1.168488144874572754e+00
-1.190855145454406738e+00
-1.144063353538513184e+00
-1.159644961357116699e+00
-4.301213324069976807e-01
-1.298815727233886719e+00
-1.117483973503112793e+00
-1.145494580268859863e+00
-1.140791296958923340e+00
-1.141984939575195312e+00
-1.183806777000427246e+00
-1.319513082504272461e+00
-1.319801092147827148e+00
-1.164487361907958984e+00
-1.197198390960693359e+00
-1.157841324806213379e+00
-1.128293514251708984e+00
-1.155275702476501465e+00
-1.156102180480957031e+00
-1.284377336502075195e+00
-1.306920170783996582e+00
-1.137646794319152832e+00
-5.978857278823852539e-01
-1.168140053749084473e+00
-1.218198657035827637e+00
-1.118409156799316406e+00
-1.449918031692504883e+00
-1.105367779731750488e+00
-1.223190784454345703e+00
-1.380923271179199219e+00
-1.184992909431457520e+00
-1.184194445610046387e+00
-1.188604712486267090e+00
-1.329177737236022949e+00
-1.190266489982604980e+00
-1.235208392143249512e+00
-1.543802976608276367e+00
-1.230195045471191406e+00
-9.151906967163085938e-01
-1.147843241691589355e+00
-6.672868728637695312e-01
-1.100443720817565918e+00
-1.397442102432250977e+00
-1.202049016952514648e+00
-1.151711463928222656e+00
-1.170603752136230469e+00
-9.934143424034118652e-01
-1.173567771911621094e+00
-1.205056905746459961e+00
-1.160896062850952148e+00
-1.100414991378784180e+00
-1.385027766227722168e+00
-1.052642345428466797e+00
-1.204037070274353027e+00
-1.246938228607177734e+00
-1.165799260139465332e+00
-1.190401434898376465e+00
-1.129411816596984863e+00
-1.380642890930175781e+00
-1.111258625984191895e+00
-1.356069087982177734e+00
-1.164836883544921875e+00
-1.124040484428405762e+00
-1.324424386024475098e+00
-1.208080172538757324e+00
-1.203293800354003906e+00
-1.148277163505554199e+00
-6.805433034896850586e-01
-1.171596288681030273e+00
-1.161714553833007812e+00
-1.333014488220214844e+00
-1.162198185920715332e+00
-1.222695350646972656e+00
-1.309753060340881348e+00
-1.266131281852722168e+00
-1.230368733406066895e+00
-1.209474205970764160e+00
-1.129246234893798828e+00
-1.189263939857482910e+00
-1.159480094909667969e+00
-1.396441102027893066e+00
-1.107605814933776855e+00
-1.231481790542602539e+00
-1.356612443923950195e+00
-1.415521740913391113e+00
-1.154604434967041016e+00
-1.153901219367980957e+00
-1.130379080772399902e+00
-1.174477338790893555e+00
-1.175277113914489746e+00
-1.315391659736633301e+00
-1.158811330795288086e+00
-1.211609840393066406e+00
-1.142424821853637695e+00
-1.209422945976257324e+00
-1.158030748367309570e+00
-1.162127852439880371e+00
-1.191838741302490234e+00
-1.156030058860778809e+00
-1.117719292640686035e+00
-1.158706545829772949e+00
-9.768501520156860352e-01
-1.131591320037841797e+00
-1.143709540367126465e+00
-4.861859083175659180e-01
-1.151642322540283203e+00
-1.138630032539367676e+00
-1.372951984405517578e+00
-1.169047951698303223e+00
-1.220806360244750977e+00
-1.333396911621093750e+00
-1.202365636825561523e+00
-1.268687725067138672e+00
-1.227728247642517090e+00
-1.163804650306701660e+00
-1.149727344512939453e+00
-3.767715096473693848e-01
-1.314660549163818359e+00
-1.122278094291687012e+00
-1.130662322044372559e+00
-1.155177712440490723e+00
-1.138821244239807129e+00
-1.244939446449279785e+00
-1.128186941146850586e+00
-1.125965833663940430e+00
-1.279907584190368652e+00
-1.316145300865173340e+00
-1.157669544219970703e+00
-6.846240162849426270e-01
-1.204914331436157227e+00
-1.138854742050170898e+00
-1.276015996932983398e+00
-1.109721899032592773e+00
-1.131971240043640137e+00
-1.244070649147033691e+00
-1.210436344146728516e+00
-1.159380555152893066e+00
-1.197512269020080566e+00
-1.125545382499694824e+00
-1.194253325462341309e+00
-1.182985663414001465e+00
-1.207913041114807129e+00
-1.116532564163208008e+00
-9.264072179794311523e-01
-1.114959120750427246e+00
-1.133563160896301270e+00
-1.157699704170227051e+00
-1.217787623405456543e+00
-1.192915201187133789e+00
-1.236286878585815430e+00
-1.107759475708007812e+00
-1.229615807533264160e+00
-1.123463034629821777e+00
-1.210825800895690918e+00
-1.121332526206970215e+00
-1.369158983230590820e+00
-8.786665797233581543e-01
-1.183985590934753418e+00
-1.242692470550537109e+00
-1.192721724510192871e+00
-1.139078974723815918e+00
-1.105636119842529297e+00
-1.107920765876770020e+00
-1.350731015205383301e+00
-1.182849407196044922e+00
-1.209407210350036621e+00
-1.478235721588134766e+00
-1.156205177307128906e+00
-1.164627075195312500e+00
-1.053526401519775391e+00
-1.327211022377014160e+00
-1.145437955856323242e+00
-1.155581712722778320e+00
-1.144856333732604980e+00
-1.160795927047729492e+00
-1.287215113639831543e+00
-1.211796879768371582e+00
-1.195108771324157715e+00
-1.455407738685607910e+00
-1.184975981712341309e+00
-1.118401646614074707e+00
-1.238258242607116699e+00
-9.734480381011962891e-01
-1.134937882423400879e+00
-1.130509734153747559e+00
-1.154113411903381348e+00
-1.316485881805419922e+00
-1.151514172554016113e+00
-1.145007491111755371e+00
-1.124117493629455566e+00
-1.191691875457763672e+00
-1.166363596916198730e+00
-1.355191707611083984e+00
-1.182307362556457520e+00
-9.126386642456054688e-01
-1.163034558296203613e+00
-1.158017516136169434e+00
-1.540120959281921387e+00
-1.143351435661315918e+00
-1.135808467864990234e+00
-1.163173437118530273e+00
-1.244035363197326660e+00
-1.304170012474060059e+00
-1.188201189041137695e+00
-1.167409896850585938e+00
-1.171912908554077148e+00
-1.127985358238220215e+00
-1.188988327980041504e+00
-1.167117476463317871e+00
-1.196168899536132812e+00
-1.216427683830261230e+00
-1.194029688835144043e+00
-1.140060782432556152e+00
-1.141717910766601562e+00
-1.163813948631286621e+00
-1.177452206611633301e+00
-1.214922785758972168e+00
-1.560939192771911621e+00
-1.323669910430908203e+00
-1.217525959014892578e+00
-1.266817808151245117e+00
-1.025218725204467773e+00
-1.203828811645507812e+00
-1.230188369750976562e+00
-1.142200350761413574e+00
-1.200890898704528809e+00
-1.167453408241271973e+00
-1.253799915313720703e+00
-1.380905151367187500e+00
-1.204189419746398926e+00
-1.228363871574401855e+00
-1.152930259704589844e+00
-1.156177759170532227e+00
-1.241091489791870117e+00
-1.158781647682189941e+00
-1.176367998123168945e+00
-1.322458148002624512e+00
-1.223353266716003418e+00
-1.546864032745361328e+00
-1.255647659301757812e+00
-1.174564242362976074e+00
-1.427157521247863770e-01
-1.192748069763183594e+00
-1.434124588966369629e+00
-1.179890751838684082e+00
-1.228727340698242188e+00
-1.222798228263854980e+00
-1.204534411430358887e+00
-1.236984133720397949e+00
-1.247161030769348145e+00
-1.129663109779357910e+00
-1.176293253898620605e+00
-1.191346645355224609e+00
-8.147523999214172363e-01
-1.178903460502624512e+00
-1.165133714675903320e+00
-1.332750916481018066e+00
-1.261200785636901855e+00
-1.171138763427734375e+00
-1.190730452537536621e+00
-1.178108572959899902e+00
-1.252323269844055176e+00
-1.275391459465026855e+00
-1.197591543197631836e+00
-1.168683886528015137e+00
-1.155431628227233887e+00
-1.231066226959228516e+00
-1.267292380332946777e+00
-1.295472025871276855e+00
-1.102049946784973145e+00
-1.137177467346191406e+00
-1.150978446006774902e+00
-1.316309332847595215e+00
-1.240249872207641602e+00
-6.952348351478576660e-01
-1.289607882499694824e+00
-1.176127910614013672e+00
-1.242143988609313965e+00
-1.244588136672973633e+00
-1.115137815475463867e+00
-1.133942365646362305e+00
-1.148160099983215332e+00
-9.326652884483337402e-01
-1.211609363555908203e+00
-1.151957154273986816e+00
-1.393948197364807129e+00
-1.348450660705566406e+00
2.326335906982421875e-01
-1.237652778625488281e+00
-1.152082324028015137e+00
-1.362903475761413574e+00
-1.290368795394897461e+00
-1.136865496635437012e+00
-1.140518188476562500e+00
-1.160204768180847168e+00
-1.250206708908081055e+00
-1.100946068763732910e+00
6.719907522201538086e-01
-8.630515336990356445e-01
-1.126475572586059570e+00
-1.140562772750854492e+00
-1.171428322792053223e+00
-1.189783096313476562e+00
-1.134545683860778809e+00
-1.137542009353637695e+00
-1.002535462379455566e+00
-1.134318709373474121e+00
-1.304767251014709473e+00
-1.215464353561401367e+00
-1.132250905036926270e+00
-1.144757390022277832e+00
-1.367509126663208008e+00
-1.225913882255554199e+00
-1.133542537689208984e+00
-1.171164751052856445e+00
-1.194478273391723633e+00
-1.209871768951416016e+00
-1.124312281608581543e+00
-1.353336334228515625e+00
-1.138015985488891602e+00
-1.134977936744689941e+00
-1.230441212654113770e+00
-1.284676432609558105e+00
-4.626797735691070557e-01
-1.186923027038574219e+00
-8.402659296989440918e-01
-1.380599498748779297e+00
-1.097368121147155762e+00
-1.204948782920837402e+00
-1.176110029220581055e+00
-1.188553214073181152e+00
-1.155673265457153320e+00
-1.206281900405883789e+00
-1.191159725189208984e+00
-1.081565499305725098e+00
-6.868092417716979980e-01
-1.250571608543395996e+00
-1.126627683639526367e+00
-1.250857949256896973e+00
-1.266687035560607910e+00
-1.192961454391479492e+00
-1.240524291992187500e+00
-1.237669944763183594e+00
-1.234517693519592285e+00
-1.147718667984008789e+00
-1.219534635543823242e+00
-1.349590897560119629e+00
-1.212993025779724121e+00
-1.504965782165527344e+00
-1.351402640342712402e+00
-1.098642706871032715e+00
-1.504637479782104492e+00
-1.161975145339965820e+00
-1.136078476905822754e+00
-1.245613932609558105e+00
-1.180749297142028809e+00
-1.208566784858703613e+00
-1.227797746658325195e+00
-1.179060459136962891e+00
-1.221100449562072754e+00
-1.156331777572631836e+00
-1.150177478790283203e+00
-1.230827093124389648e+00
-8.439440727233886719e-01
-1.192198395729064941e+00
-5.431381464004516602e-01
-1.222573518753051758e+00
-1.239686846733093262e+00
-1.158431291580200195e+00
-1.140011310577392578e+00
-1.214313507080078125e+00
-1.158996701240539551e+00
-1.157432794570922852e+00
-1.227567672729492188e+00
-1.163037538528442383e+00
-1.049293518066406250e+00
-1.218514204025268555e+00
-1.444045424461364746e+00
-1.218715429306030273e+00
-1.063616752624511719e+00
-1.153644204139709473e+00
-1.157707333564758301e+00
-1.145722389221191406e+00
-1.377924561500549316e+00
4.844230711460113525e-01
5.507531762123107910e-01
5.000731348991394043e-01
4.663935005664825439e-01
4.050859510898590088e-01
2.782444953918457031e-01
5.808336138725280762e-01
6.298429965972900391e-01
5.408080220222473145e-01
5.646808743476867676e-01
4.886589646339416504e-01
4.226994514465332031e-01
4.208601415157318115e-01
4.453209936618804932e-01
4.919521510601043701e-01
5.149280428886413574e-01
4.435468018054962158e-01
5.591089129447937012e-01
4.954231083393096924e-01
5.809202194213867188e-01
7.290092706680297852e-01
4.674693942070007324e-01
4.598622620105743408e-01
4.386550188064575195e-01
4.079803526401519775e-01
4.644400775432586670e-01
5.411089658737182617e-01
5.854113698005676270e-01
4.463149905204772949e-01
5.071395635604858398e-01
5.785872936248779297e-01
3.695736527442932129e-01
4.382221102714538574e-01
4.599861204624176025e-01
4.428204894065856934e-01
5.700649023056030273e-01
5.402058959007263184e-01
5.823349952697753906e-01
6.357071399688720703e-01
4.906260073184967041e-01
5.602594017982482910e-01
4.540764987468719482e-01
3.808758556842803955e-01
4.910792708396911621e-01
5.384455919265747070e-01
5.473590493202209473e-01
5.405542850494384766e-01
3.563598096370697021e-01
6.161094307899475098e-01
5.331569910049438477e-01
5.939861536026000977e-01
6.135085821151733398e-01
2.035833150148391724e-01
5.559006929397583008e-01
5.382287502288818359e-01
4.087721109390258789e-01
5.476077198982238770e-01
4.034721553325653076e-01
4.693978130817413330e-01
5.404494404792785645e-01
5.448618531227111816e-01
3.909180760383605957e-01
3.477954864501953125e-01
5.158863663673400879e-01
5.668211579322814941e-01
4.123297035694122314e-01
4.382420182228088379e-01
4.815753698348999023e-01
1.978932768106460571e-01
5.390830039978027344e-01
5.684260129928588867e-01
5.901654362678527832e-01
6.217767000198364258e-01
4.739743769168853760e-01
5.410753488540649414e-01
4.262115657329559326e-01
5.353330373764038086e-01
4.669626653194427490e-01
4.651282429695129395e-01
4.987401664257049561e-01
5.642759799957275391e-01
4.945516586303710938e-01
4.614653885364532471e-01
5.058657526969909668e-01
4.636352062225341797e-01
3.984823524951934814e-01
5.758935809135437012e-01
4.510773122310638428e-01
5.514159798622131348e-01
5.495389103889465332e-01
5.196992754936218262e-01
5.168957114219665527e-01
5.044963359832763672e-01
3.768940567970275879e-01
6.015943288803100586e-01
5.768190622329711914e-01
3.979909121990203857e-01
4.340688288211822510e-01
4.645797014236450195e-01
4.312242269515991211e-01
4.995085000991821289e-01
5.141711235046386719e-01
4.872163832187652588e-01
4.416813254356384277e-01
5.308725833892822266e-01
3.561556339263916016e-01
4.671018123626708984e-01
5.766202807426452637e-01
4.971303045749664307e-01
4.117701053619384766e-01
5.531988739967346191e-01
5.481168031692504883e-01
5.617998838424682617e-01
5.632236003875732422e-01
4.603501260280609131e-01
5.052587985992431641e-01
4.499725997447967529e-01
3.605206012725830078e-01
5.483372807502746582e-01
5.496037602424621582e-01
6.068789958953857422e-01
4.880958795547485352e-01
4.512028694152832031e-01
2.869971692562103271e-01
5.555571317672729492e-01
5.830535888671875000e-01
4.823692739009857178e-01
4.952366054058074951e-01
5.272519588470458984e-01
5.624226927757263184e-01
5.340662598609924316e-01
4.662660956382751465e-01
7.508013844490051270e-01
4.530855119228363037e-01
4.053807258605957031e-01
4.277973175048828125e-01
5.400852560997009277e-01
4.082433879375457764e-01
4.862215518951416016e-01
4.093961417675018311e-01
4.652352035045623779e-01
5.470073223114013672e-01
5.055820345878601074e-01
4.650797247886657715e-01
5.259289741516113281e-01
4.405033290386199951e-01
4.095169901847839355e-01
5.737686753273010254e-01
4.461960494518280029e-01
3.341699242591857910e-01
5.057286620140075684e-01
6.122137904167175293e-01
5.838127732276916504e-01
6.117698550224304199e-01
3.782599270343780518e-01
4.173112809658050537e-01
5.689653158187866211e-01
5.857409238815307617e-01
4.505732655525207520e-01
3.847685158252716064e-01
4.452977776527404785e-01
4.104140698909759521e-01
5.282698869705200195e-01
4.941288530826568604e-01
4.734579324722290039e-01
5.750198960304260254e-01
5.531682968139648438e-01
4.731750190258026123e-01
4.328750371932983398e-01
5.852322578430175781e-01
4.157684147357940674e-01
5.628055930137634277e-01
6.232842803001403809e-01
4.079844355583190918e-01
4.692609012126922607e-01
5.647667050361633301e-01
4.331334233283996582e-01
4.299681186676025391e-01
3.481810986995697021e-01
4.740162491798400879e-01
5.232876539230346680e-01
5.474946498870849609e-01
4.878709614276885986e-01
5.563479065895080566e-01
4.868922829627990723e-01
3.447631895542144775e-01
5.286090970039367676e-01
4.838769435882568359e-01
5.079402327537536621e-01
4.094597101211547852e-01
4.407279491424560547e-01
5.028610825538635254e-01
4.152762293815612793e-01
4.672736227512359619e-01
5.571593642234802246e-01
5.621938705444335938e-01
3.670926094055175781e-01
5.520653128623962402e-01
6.229005455970764160e-01
5.182776451110839844e-01
4.703504145145416260e-01
5.671079754829406738e-01
4.093611538410186768e-01
4.668664634227752686e-01
5.387662649154663086e-01
4.248292744159698486e-01
5.210343599319458008e-01
4.716568887233734131e-01
5.492937564849853516e-01
5.020917057991027832e-01
6.116531491279602051e-01
5.714359283447265625e-01
4.877559244632720947e-01
4.818723201751708984e-01
5.471980571746826172e-01
4.550986886024475098e-01
4.832745790481567383e-01
5.329910516738891602e-01
5.669866204261779785e-01
5.144218802452087402e-01
5.538492202758789062e-01
5.625589489936828613e-01
4.216127395629882812e-01
4.629944562911987305e-01
5.493688583374023438e-01
5.682289600372314453e-01
4.121433496475219727e-01
4.985293149948120117e-01
4.519577026367187500e-01
3.861763179302215576e-01
4.172055721282958984e-01
5.970357060432434082e-01
6.320269703865051270e-01
3.625602722167968750e-01
4.588868021965026855e-01
5.907302498817443848e-01
5.373074412345886230e-01
4.176372587680816650e-01
4.612107574939727783e-01
6.205940246582031250e-01
5.359016656875610352e-01
5.401984453201293945e-01
5.722939968109130859e-01
5.237412452697753906e-01
5.115709304809570312e-01
6.029422879219055176e-01
5.835115909576416016e-01
4.783115088939666748e-01
4.394960999488830566e-01
5.858399271965026855e-01
3.964599967002868652e-01
5.107690095901489258e-01
4.427036046981811523e-01
4.835229516029357910e-01
4.415926933288574219e-01
5.434914827346801758e-01
4.586203098297119141e-01
1.015585780143737793e+00
5.963018536567687988e-01
5.265836715698242188e-01
5.820822119712829590e-01
5.118837356567382812e-01
4.890140295028686523e-01
3.822450339794158936e-01
5.399685502052307129e-01
5.691703557968139648e-01
5.092415213584899902e-01
5.004947781562805176e-01
6.027888059616088867e-01
5.468910932540893555e-01
4.779066443443298340e-01
4.833182394504547119e-01
5.674037337303161621e-01
5.211012363433837891e-01
5.570893287658691406e-01
5.505794882774353027e-01
5.704266428947448730e-01
5.162206292152404785e-01
5.890908837318420410e-01
5.288512110710144043e-01
4.972416460514068604e-01
4.305568933486938477e-01
4.116592109203338623e-01
3.480461835861206055e-01
5.407575368881225586e-01
4.460839927196502686e-01
4.315859079360961914e-01
3.886002898216247559e-01
5.477996468544006348e-01
4.458451867103576660e-01
7.935914993286132812e-01
5.162174701690673828e-01
5.567043423652648926e-01
5.955878496170043945e-01
5.675037503242492676e-01
3.845064043998718262e-01
5.082556009292602539e-01
4.150978326797485352e-01
4.174745082855224609e-01
5.796169638633728027e-01
3.419370353221893311e-01
4.013448655605316162e-01
5.138262510299682617e-01
5.712531208992004395e-01
3.962525129318237305e-01
4.024829566478729248e-01
3.618929684162139893e-01
5.625221133232116699e-01
4.124941229820251465e-01
3.899901211261749268e-01
5.302190780639648438e-01
4.303712248802185059e-01
3.819675147533416748e-01
7.900575995445251465e-01
4.878651797771453857e-01
5.095035433769226074e-01
4.268215596675872803e-01
5.541145801544189453e-01
4.908652007579803467e-01
5.277591943740844727e-01
4.342430830001831055e-01
4.889421463012695312e-01
3.819060325622558594e-01
5.522717833518981934e-01
5.867968201637268066e-01
4.789545238018035889e-01
4.296897947788238525e-01
5.001279711723327637e-01
6.046577692031860352e-01
3.679019510746002197e-01
4.401876926422119141e-01
4.112749993801116943e-01
3.962854146957397461e-01
4.129763245582580566e-01
5.192375183105468750e-01
4.007489681243896484e-01
4.256171286106109619e-01
5.097661614418029785e-01
3.920317888259887695e-01
6.927434206008911133e-01
5.345739126205444336e-01
5.384830236434936523e-01
3.992481827735900879e-01
4.762941300868988037e-01
5.717010498046875000e-01
4.262113869190216064e-01
5.346398353576660156e-01
4.923993051052093506e-01
5.474975705146789551e-01
6.049802899360656738e-01
4.315055608749389648e-01
3.510381877422332764e-01
5.753845572471618652e-01
3.951436281204223633e-01
5.015605688095092773e-01
5.380490422248840332e-01
5.072574019432067871e-01
5.546784996986389160e-01
5.679580569267272949e-01
5.322807431221008301e-01
5.287333130836486816e-01
5.759902596473693848e-01
5.408646464347839355e-01
5.090727806091308594e-01
5.003049969673156738e-01
4.349163174629211426e-01
4.495552182197570801e-01
3.790524899959564209e-01
5.302444696426391602e-01
4.271436035633087158e-01
5.014210343360900879e-01
5.276030302047729492e-01
5.220629572868347168e-01
4.640775620937347412e-01
6.182252764701843262e-01
5.797337889671325684e-01
4.826603233814239502e-01
3.761643469333648682e-01
4.012919962406158447e-01
4.634895920753479004e-01
4.971804618835449219e-01
6.426168680191040039e-01
4.960559308528900146e-01
5.955020785331726074e-01
4.068443775177001953e-01
5.065359473228454590e-01
6.071573495864868164e-01
4.816269874572753906e-01
4.910486638545989990e-01
4.315195977687835693e-01
3.162183463573455811e-01
6.468911767005920410e-01
5.228247642517089844e-01
5.084375739097595215e-01
5.116652846336364746e-01
3.994803726673126221e-01
4.590775668621063232e-01
5.301511883735656738e-01
4.146141707897186279e-01
5.180931687355041504e-01
1.001822762191295624e-02
2.602408640086650848e-03
3.421146189793944359e-03
2.436781069263815880e-03
-1.468138769268989563e-03
8.866073191165924072e-02
6.096901837736368179e-03
1.686116307973861694e-02
8.362066932022571564e-03
-8.197634480893611908e-03
-6.949001690372824669e-04
-6.057888269424438477e-02
4.183366894721984863e-03
3.055988065898418427e-02
-3.095724154263734818e-03
-2.963771810755133629e-03
-2.924210391938686371e-03
3.473551943898200989e-03
-1.974623417481780052e-03
3.256267867982387543e-03
1.812890730798244476e-02
-6.487813079729676247e-04
6.885118782520294189e-04
1.141989021562039852e-03
1.747050089761614799e-03
2.717926399782299995e-03
1.632503932341933250e-03
-3.073813393712043762e-03
5.115827079862356186e-04
2.849868615157902241e-04
3.063126467168331146e-03
-2.808951074257493019e-03
-1.545853097923099995e-03
1.994125777855515480e-03
-5.768609698861837387e-04
-1.450591138564050198e-03
-4.281960893422365189e-03
-2.940709330141544342e-02
-5.242764204740524292e-02
1.474218908697366714e-03
-5.894733127206563950e-03
8.316856692545115948e-04
1.786964386701583862e-02
2.189190592616796494e-03
4.409253131598234177e-03
1.052214112132787704e-02
-3.331778279971331358e-04
3.654553322121500969e-03
4.655181430280208588e-03
-4.416792187839746475e-03
-6.876813713461160660e-03
-6.341471802443265915e-03
1.582149602472782135e-02
1.959565794095396996e-03
-6.437461357563734055e-03
3.349138889461755753e-03
-4.887622222304344177e-02
-7.042539073154330254e-05
-2.167453058063983917e-03
-1.852898625656962395e-03
-9.721708483994007111e-04
-6.739092059433460236e-03
-2.843861281871795654e-02
2.950206864625215530e-03
-3.770969924516975880e-04
-1.008849241770803928e-03
1.714124111458659172e-03
-5.267845001071691513e-03
1.688510552048683167e-02
-4.968495108187198639e-03
-2.393685514107346535e-03
-2.838684013113379478e-03
-3.447696566581726074e-03
3.616014262661337852e-03
1.604953594505786896e-02
6.255931803025305271e-04
1.441226154565811157e-02
-3.579361364245414734e-03
-2.689154935069382191e-04
2.617693273350596428e-03
5.792526993900537491e-03
-9.874377865344285965e-04
-4.372156225144863129e-03
1.015033498406410217e-01
-2.753089647740125656e-04
-6.806433200836181641e-03
-1.813143753679469228e-04
3.535280120559036732e-04
-3.287843894213438034e-03
8.559516631066799164e-03
2.925973152741789818e-03
-1.085845404304563999e-03
1.516270218417048454e-03
2.829253207892179489e-03
3.859379095956683159e-03
-1.047488860785961151e-02
2.606009598821401596e-03
4.499952774494886398e-03
-8.443897240795195103e-04
-8.132398128509521484e-03
-1.210120599716901779e-02
-4.290798970032483339e-04
4.687417531386017799e-04
8.334135054610669613e-04
-3.243463113903999329e-03
-4.561226814985275269e-04
5.609917570836842060e-05
-7.380972616374492645e-03
-5.760728963650763035e-04
8.314876467920839787e-04
3.738633822649717331e-04
-1.846753293648362160e-03
-3.251422429457306862e-03
8.360376232303678989e-04
-2.241957845399156213e-04
1.020543393678963184e-03
3.555546281859278679e-03
-4.313578456640243530e-02
1.374233863316476345e-03
2.938265970442444086e-04
1.479948759078979492e-01
1.397186191752552986e-03
-1.511695678345859051e-03
-4.581405315548181534e-03
5.928456317633390427e-03
-5.140855908393859863e-03
-3.459675470367074013e-03
-4.889879710390232503e-05
-5.355487577617168427e-03
-9.237426333129405975e-03
-2.433866728097200394e-03
1.006861450150609016e-03
2.110084444284439087e-01
2.662227116525173187e-02
-2.922390194726176560e-05
8.842537063173949718e-04
-1.692702993750572205e-03
1.661349553614854813e-03
-1.101533602923154831e-02
1.197588790091685951e-04
-1.501216553151607513e-03
-5.594269838184118271e-03
7.598349358886480331e-03
-7.508675917051732540e-04
1.179626062512397766e-01
8.835936896502971649e-03
6.587072275578975677e-04
4.604161251336336136e-03
-1.561044063419103622e-02
2.313076751306653023e-03
-2.708661602810025215e-03
3.913016524165868759e-03
3.620928386226296425e-03
3.410666249692440033e-03
1.288939267396926880e-03
-4.738630726933479309e-03
7.588819134980440140e-03
6.593912839889526367e-03
4.577464424073696136e-04
-1.254829484969377518e-02
2.186489757150411606e-03
-4.026375536341220140e-04
-1.921981922350823879e-03
-7.739640772342681885e-03
-1.659328350797295570e-03
5.858981516212224960e-03
3.942817857023328543e-04
-2.338322112336754799e-03
-1.050657941959798336e-03
3.639525501057505608e-03
-7.463122601620852947e-04
8.494214154779911041e-03
1.555902138352394104e-02
1.002246048301458359e-03
2.276101615279912949e-03
-5.132385995239019394e-03
4.408549051731824875e-03
-2.085664164042100310e-05
-1.064686104655265808e-03
-1.789883826859295368e-03
-1.768664922565221786e-03
2.335263881832361221e-03
-1.879124157130718231e-02
6.737490184605121613e-05
-8.256059954874217510e-04
-1.923339557833969593e-03
4.426493775099515915e-03
5.501062260009348392e-04
1.004565740004181862e-03
1.507200882770121098e-03
1.284261350519955158e-03
-7.930438965559005737e-03
2.451129723340272903e-03
2.350277965888381004e-03
2.171752415597438812e-02
-2.690061926841735840e-03
-5.082224379293620586e-04
-4.439369309693574905e-03
-4.001890495419502258e-02
-2.724461955949664116e-03
1.069342833943665028e-04
-1.406968920491635799e-03
7.366307079792022705e-02
9.439358254894614220e-04
-8.970393682830035686e-04
1.835493138059973717e-03
1.133120618760585785e-03
-1.241685822606086731e-03
7.579545024782419205e-03
-9.451498626731336117e-04
5.456411466002464294e-02
2.053915755823254585e-03
-1.461923937313258648e-03
2.982901176437735558e-03
8.660645689815282822e-04
2.152022905647754669e-03
1.655263913562521338e-04
6.506087258458137512e-03
-3.374648280441761017e-03
1.326152030378580093e-02
5.331744905561208725e-03
-3.711603814736008644e-03
2.073433483019471169e-03
-2.942793304100632668e-03
-2.712618093937635422e-03
-5.610563326627016068e-03
-6.709144916385412216e-03
2.023535314947366714e-03
-2.379938960075378418e-03
-2.513314597308635712e-03
-8.228010847233235836e-05
-5.329295992851257324e-03
-6.914051249623298645e-03
-1.438624691218137741e-02
7.528501097112894058e-03
2.909058239310979843e-03
3.414028324186801910e-03
-1.552763767540454865e-02
4.250952042639255524e-03
-4.071469604969024658e-02
-2.191499806940555573e-03
3.850823966786265373e-03
-2.074811840429902077e-03
4.490522202104330063e-03
5.228599067777395248e-03
-5.254461895674467087e-03
-1.125567127019166946e-03
1.457419246435165405e-03
-1.121546491049230099e-03
4.512073937803506851e-03
-3.022201592102646828e-03
-1.263078954070806503e-02
6.021031644195318222e-03
-1.066906610503792763e-03
-1.876422390341758728e-02
3.613496664911508560e-03
2.075938042253255844e-03
2.965811192989349365e-01
1.441942993551492691e-02
-1.488622650504112244e-02
-1.334474887698888779e-03
2.756563248112797737e-03
-6.878534797579050064e-03
-2.195938490331172943e-03
7.311708293855190277e-03
1.211031572893261909e-03
-3.611202118918299675e-04
-2.979312324896454811e-03
3.125700633972883224e-03
-8.889843523502349854e-02
1.111258380115032196e-02
4.390897229313850403e-03
3.995956853032112122e-03
5.507109221071004868e-03
5.991112906485795975e-03
-5.182423163205385208e-03
-2.646268345415592194e-03
4.266547504812479019e-03
-9.465242736041545868e-03
1.569554908201098442e-03
-9.361498523503541946e-04
5.043013021349906921e-03
7.314489223062992096e-03
3.198024351149797440e-03
-3.395624691620469093e-03
-1.370951998978853226e-03
6.165280472487211227e-03
-3.092498052865266800e-03
4.845964256674051285e-03
3.132518031634390354e-04
3.664552792906761169e-02
5.809606518596410751e-03
2.897167811170220375e-03
1.155301579274237156e-03
-7.095969282090663910e-03
-5.163443856872618198e-04
-1.135949394665658474e-03
4.416348820086568594e-04
2.242340240627527237e-03
4.566279705613851547e-03
6.103524938225746155e-04
-1.100197434425354004e-02
6.073593627661466599e-03
3.449036926031112671e-02
7.203229237347841263e-03
-2.986713778227567673e-03
1.415688917040824890e-02
6.838904228061437607e-03
1.790037727914750576e-03
7.139265653677284718e-04
7.970497244969010353e-04
3.556340525392442942e-04
1.459168619476258755e-03
2.162761092185974121e-01
-2.204521559178829193e-02
5.626101046800613403e-04
-1.034216140396893024e-03
-1.441010506823658943e-03
1.331871608272194862e-03
3.484281944110989571e-03
-7.150404853746294975e-04
-4.381926357746124268e-02
3.189224982634186745e-03
5.796958226710557938e-03
-5.761252250522375107e-03
6.587507668882608414e-04
-1.966902054846286774e-03
-1.128820050507783890e-02
4.826297983527183533e-03
-4.473167005926370621e-03
-1.300272624939680099e-02
-1.031791092827916145e-03
5.141825880855321884e-03
2.234413754194974899e-03
3.286753082647919655e-03
-8.844646799843758345e-06
4.126708081457763910e-04
-2.933765761554241180e-03
-3.953379113227128983e-03
-2.331625372171401978e-01
1.925008953548967838e-03
-8.727555721998214722e-02
8.622506633400917053e-03
-1.762691140174865723e-02
3.395588137209415436e-03
-5.070027895271778107e-03
2.395853400230407715e-03
-1.162661588750779629e-03
3.988926298916339874e-03
-1.382724381983280182e-03
2.693460090085864067e-03
8.674746006727218628e-02
5.324481986463069916e-03
-1.360615249723196030e-03
3.489440772682428360e-03
6.448639091104269028e-03
-9.513887343928217888e-04
-3.649622946977615356e-02
-6.908998824656009674e-03
-2.399079268798232079e-03
-9.125983342528343201e-04
-9.275124408304691315e-03
-3.713043639436364174e-03
1.541847130283713341e-03
2.421216852962970734e-02
4.288281779736280441e-03
1.803463883697986603e-02
3.903368720784783363e-03
-6.836790125817060471e-04
6.322380504570901394e-04
2.485614269971847534e-03
5.564115708693861961e-04
-8.029541932046413422e-04
-2.122838515788316727e-03
6.673476193100214005e-03
2.345736371353268623e-03
1.937231514602899551e-03
-3.724889364093542099e-03
-6.193212233483791351e-03
-2.772402949631214142e-02
-5.165234208106994629e-03
-6.570773571729660034e-02
5.526261869817972183e-03
2.051946008577942848e-03
-2.948830137029290199e-03
-3.675247775390744209e-03
6.930615287274122238e-03
2.505901968106627464e-03
2.188567630946636200e-02
1.540501834824681282e-04
-3.245496656745672226e-03
-4.153630230575799942e-03
1.324341865256428719e-03
-1.390445698052644730e-02
2.125576836988329887e-03
3.518019802868366241e-03
-3.189478535205125809e-03
1.295104972086846828e-03
2.113651717081665993e-03
-1.414685510098934174e-03
-1.123126506805419922e+00
-1.130400776863098145e+00
-1.257196068763732910e+00
-1.126538038253784180e+00
-1.122959613800048828e+00
-8.085721731185913086e-01
-1.232536196708679199e+00
-1.189202547073364258e+00
-1.352031230926513672e+00
-1.291137099266052246e+00
-1.147706031799316406e+00
-1.047039628028869629e+00
-1.224897861480712891e+00
-8.453980684280395508e-01
-1.123081445693969727e+00
-1.252927064895629883e+00
-1.164292812347412109e+00
-1.148526906967163086e+00
-1.130845427513122559e+00
-1.130112171173095703e+00
-4.420526325702667236e-01
-1.258312344551086426e+00
-1.122615814208984375e+00
-1.132800221443176270e+00
-1.139469027519226074e+00
-1.133271694183349609e+00
-1.144389271736145020e+00
-1.236978054046630859e+00
-1.262709140777587891e+00
-1.142338633537292480e+00
-1.162613749504089355e+00
-1.173890113830566406e+00
-1.131859660148620605e+00
-1.153204441070556641e+00
-1.148136973381042480e+00
-1.207102298736572266e+00
-1.274111986160278320e+00
-1.114444136619567871e+00
-6.687204241752624512e-01
-1.146357297897338867e+00
-1.181970000267028809e+00
-1.142408609390258789e+00
-1.420986413955688477e+00
-1.112631320953369141e+00
-1.149641871452331543e+00
-1.331684708595275879e+00
-1.137645006179809570e+00
-1.103404879570007324e+00
-1.161847352981567383e+00
-1.267826080322265625e+00
-1.142991900444030762e+00
-1.197946786880493164e+00
-1.568215370178222656e+00
-1.193634033203125000e+00
-8.782250285148620605e-01
-1.146966338157653809e+00
-6.177487373352050781e-01
-1.101164817810058594e+00
-1.332428574562072754e+00
-1.165021300315856934e+00
-1.122164368629455566e+00
-1.182522535324096680e+00
-1.015479445457458496e+00
-1.144218444824218750e+00
-1.145210981369018555e+00
-1.148107767105102539e+00
-1.110766768455505371e+00
-1.322119355201721191e+00
-1.004361867904663086e+00
-1.171472072601318359e+00
-1.218146085739135742e+00
-1.126305580139160156e+00
-1.147624492645263672e+00
-1.120556473731994629e+00
-1.344564437866210938e+00
-1.136683344841003418e+00
-1.293309092521667480e+00
-1.159772753715515137e+00
-1.127701282501220703e+00
-1.234692096710205078e+00
-1.174379467964172363e+00
-1.156643152236938477e+00
-1.154103279113769531e+00
-5.512567162513732910e-01
-1.134375572204589844e+00
-1.097022175788879395e+00
-1.279611229896545410e+00
-1.149429917335510254e+00
-1.208374977111816406e+00
-1.272441983222961426e+00
-1.217138886451721191e+00
-1.190202832221984863e+00
-1.163208723068237305e+00
-1.150653958320617676e+00
-1.145897626876831055e+00
-1.130029082298278809e+00
-1.331255674362182617e+00
-1.126587152481079102e+00
-1.182646155357360840e+00
-1.288789033889770508e+00
-1.345242023468017578e+00
-1.137360453605651855e+00
-1.143023014068603516e+00
-1.131795644760131836e+00
-1.130934357643127441e+00
-1.187739014625549316e+00
-1.234190821647644043e+00
-1.129333138465881348e+00
-1.203525662422180176e+00
-1.161591887474060059e+00
-1.159618377685546875e+00
-1.130999803543090820e+00
-1.125083446502685547e+00
-1.158843159675598145e+00
-1.137394189834594727e+00
-1.112947225570678711e+00
-1.153106451034545898e+00
-1.009868025779724121e+00
-1.112078547477722168e+00
-1.114091157913208008e+00
-5.287320017814636230e-01
-1.141947507858276367e+00
-1.149653196334838867e+00
-1.343722105026245117e+00
-1.140655994415283203e+00
-1.175060987472534180e+00
-1.239143252372741699e+00
-1.151457667350769043e+00
-1.236747980117797852e+00
-1.192187666893005371e+00
-1.127249717712402344e+00
-1.132813692092895508e+00
-4.364048242568969727e-01
-1.280954957008361816e+00
-1.157505393028259277e+00
-1.142759084701538086e+00
-1.134947776794433594e+00
-1.150528550148010254e+00
-1.230924487113952637e+00
-1.129323244094848633e+00
-1.106899142265319824e+00
-1.235017418861389160e+00
-1.246106624603271484e+00
-1.099129199981689453e+00
-5.838333964347839355e-01
-1.169473648071289062e+00
-1.144400954246520996e+00
-1.211798429489135742e+00
-1.109409451484680176e+00
-1.145800709724426270e+00
-1.203425645828247070e+00
-1.171403527259826660e+00
-1.133527636528015137e+00
-1.155983686447143555e+00
-1.157823801040649414e+00
-1.198866963386535645e+00
-1.151844978332519531e+00
-1.161411643028259277e+00
-1.130479574203491211e+00
-9.125889539718627930e-01
-1.118059635162353516e+00
-1.151742100715637207e+00
-1.137719511985778809e+00
-1.172065973281860352e+00
-1.171752691268920898e+00
-1.188807368278503418e+00
-1.081772446632385254e+00
-1.195001244544982910e+00
-1.148401141166687012e+00
-1.171798825263977051e+00
-1.119360566139221191e+00
-1.341285705566406250e+00
-8.438804745674133301e-01
-1.198862314224243164e+00
-1.183877706527709961e+00
-1.151610970497131348e+00
-1.139482855796813965e+00
-1.117297172546386719e+00
-1.135390043258666992e+00
-1.285040855407714844e+00
-1.151509881019592285e+00
-1.179898142814636230e+00
-1.462704658508300781e+00
-1.110426545143127441e+00
-1.125855803489685059e+00
-1.019895911216735840e+00
-1.262309789657592773e+00
-1.135020494461059570e+00
-1.147964000701904297e+00
-1.193828701972961426e+00
-1.136132359504699707e+00
-1.249722123146057129e+00
-1.189794182777404785e+00
-1.176473736763000488e+00
-1.405300498008728027e+00
-1.150771498680114746e+00
-1.146388053894042969e+00
-1.188029527664184570e+00
-9.393488764762878418e-01
-1.126386046409606934e+00
-1.104009270668029785e+00
-1.129737615585327148e+00
-1.277102828025817871e+00
-1.138711452484130859e+00
-1.127895832061767578e+00
-1.149280786514282227e+00
-1.170572042465209961e+00
-1.156317830085754395e+00
-1.282632589340209961e+00
-1.165289640426635742e+00
-8.620033264160156250e-01
-1.138015866279602051e+00
-1.114411115646362305e+00
-1.521149039268493652e+00
-1.118270754814147949e+00
-1.133344650268554688e+00
-1.153273701667785645e+00
-1.216223120689392090e+00
-1.260116577148437500e+00
-1.158008575439453125e+00
-1.117509245872497559e+00
-1.138403415679931641e+00
-1.146128416061401367e+00
-1.167560219764709473e+00
-1.144469380378723145e+00
-1.161937594413757324e+00
-1.225638389587402344e+00
-1.165542483329772949e+00
-1.117073535919189453e+00
-1.160541772842407227e+00
-1.158807039260864258e+00
-1.147183179855346680e+00
-1.166641831398010254e+00
-1.584479928016662598e+00
-1.298092007637023926e+00
-1.163492321968078613e+00
-1.210453867912292480e+00
-1.018772482872009277e+00
-1.175504684448242188e+00
-1.108019471168518066e+00
-1.137015700340270996e+00
-1.170205712318420410e+00
-1.129986405372619629e+00
-1.216551661491394043e+00
-1.305640339851379395e+00
-1.164950847625732422e+00
-1.196020245552062988e+00
-1.152658224105834961e+00
-1.160720944404602051e+00
-1.200711607933044434e+00
-1.165047764778137207e+00
-1.145359635353088379e+00
-1.274771332740783691e+00
-1.172187447547912598e+00
-1.529836058616638184e+00
-1.197847604751586914e+00
-1.137920737266540527e+00
-1.977090388536453247e-01
-1.158261299133300781e+00
-1.380365729331970215e+00
-1.136212348937988281e+00
-1.183126688003540039e+00
-1.162409067153930664e+00
-1.207714557647705078e+00
-1.198758006095886230e+00
-1.217854261398315430e+00
-1.105819940567016602e+00
-1.165958762168884277e+00
-1.151949167251586914e+00
-7.377783656120300293e-01
-1.135977506637573242e+00
-1.140779733657836914e+00
-1.298802495002746582e+00
-1.247658610343933105e+00
-1.147675514221191406e+00
-1.147695779800415039e+00
-1.109202146530151367e+00
-1.223818659782409668e+00
-1.238373756408691406e+00
-1.160944104194641113e+00
-1.141973972320556641e+00
-1.164468288421630859e+00
-1.257750391960144043e+00
-1.281078219413757324e+00
-1.251346945762634277e+00
-1.117149949073791504e+00
-1.149081468582153320e+00
-1.178478837013244629e+00
-1.289424657821655273e+00
-1.178473114967346191e+00
-5.142311453819274902e-01
-1.201778531074523926e+00
-1.142723441123962402e+00
-1.174453139305114746e+00
-1.214273810386657715e+00
-1.139823555946350098e+00
-1.098162293434143066e+00
-1.163857340812683105e+00
-8.950927853584289551e-01
-1.178758621215820312e+00
-1.142892479896545410e+00
-1.367790341377258301e+00
-1.298174023628234863e+00
7.954336404800415039e-01
-1.187533020973205566e+00
-1.171689271926879883e+00
-1.342566370964050293e+00
-1.228170156478881836e+00
-1.133097887039184570e+00
-1.155575394630432129e+00
-1.142477631568908691e+00
-1.205555081367492676e+00
-1.112576127052307129e+00
4.874618947505950928e-01
-8.846606612205505371e-01
-1.111983656883239746e+00
-1.109674811363220215e+00
-1.149092197418212891e+00
-1.173605799674987793e+00
-1.111815333366394043e+00
-1.129811763763427734e+00
-9.445731639862060547e-01
-1.146487951278686523e+00
-1.260405182838439941e+00
-1.172410845756530762e+00
-1.117597341537475586e+00
-1.160430192947387695e+00
-1.326466202735900879e+00
-1.172552108764648438e+00
-1.160839319229125977e+00
-1.142212390899658203e+00
-1.208803415298461914e+00
-1.247886776924133301e+00
-1.158840060234069824e+00
-1.280363678932189941e+00
-1.149008035659790039e+00
-1.140865802764892578e+00
-1.177750229835510254e+00
-1.289550542831420898e+00
-5.339155793190002441e-01
-1.131930470466613770e+00
-7.664282321929931641e-01
-1.313194513320922852e+00
-1.078570246696472168e+00
-1.176705121994018555e+00
-1.170178413391113281e+00
-1.150076627731323242e+00
-1.145321130752563477e+00
-1.155535101890563965e+00
-1.143437981605529785e+00
-1.091654777526855469e+00
-7.262921929359436035e-01
-1.211430072784423828e+00
-1.148841261863708496e+00
-1.244698882102966309e+00
-1.213632225990295410e+00
-1.178188920021057129e+00
-1.102200746536254883e+00
-1.189935684204101562e+00
-1.200624346733093262e+00
-1.115898728370666504e+00
-1.175528645515441895e+00
-1.273084402084350586e+00
-1.148990631103515625e+00
-1.463534712791442871e+00
-1.286587119102478027e+00
-1.094000935554504395e+00
-1.479545474052429199e+00
-1.141250610351562500e+00
-1.154988765716552734e+00
-1.199987411499023438e+00
-1.135491847991943359e+00
-1.140252709388732910e+00
-1.186497807502746582e+00
-1.137033939361572266e+00
-1.186731815338134766e+00
-1.154829978942871094e+00
-1.178735613822937012e+00
-1.275562763214111328e+00
-8.361893296241760254e-01
-1.141018390655517578e+00
-4.642655551433563232e-01
-1.167357206344604492e+00
-1.200194120407104492e+00
-1.173592925071716309e+00
-1.121671080589294434e+00
-1.173730015754699707e+00
-1.131307959556579590e+00
-1.146107554435729980e+00
-1.193650722503662109e+00
-1.100152850151062012e+00
-1.005296349525451660e+00
-1.151736021041870117e+00
-1.397058844566345215e+00
-1.180937409400939941e+00
-1.082676053047180176e+00
-1.142790317535400391e+00
-1.123305320739746094e+00
-1.153006196022033691e+00
-1.313223838806152344e+00
