2.099072560667991638e-02
6.362429121509194374e-04
2.886859932914376259e-03
-5.523443687707185745e-04
-8.747816900722682476e-04
9.839718043804168701e-02
-8.694735588505864143e-04
5.313019081950187683e-02
-7.987467688508331776e-04
-8.643337059766054153e-04
-1.255866605788469315e-03
-9.239026159048080444e-02
2.454614732414484024e-04
8.558050543069839478e-02
-5.492267082445323467e-04
-6.404316984117031097e-03
3.132952144369482994e-03
-1.730986288748681545e-03
-1.251116278581321239e-03
-1.153941033408045769e-03
1.666560173034667969e-01
-1.706078764982521534e-03
-4.874132573604583740e-03
-4.792896215803921223e-04
6.117755081504583359e-03
-1.860500895418226719e-03
-7.706768810749053955e-04
1.450024428777396679e-03
1.902103249449282885e-04
1.351852552033960819e-03
-2.578451996669173241e-03
2.371426904574036598e-03
-4.176981747150421143e-03
2.391807647654786706e-04
-3.417755942791700363e-04
3.680404741317033768e-03
-6.473958492279052734e-03
-7.242436707019805908e-02
2.151866108179092407e-01
2.560910535976290703e-03
-7.703587180003523827e-04
1.553060486912727356e-03
4.583141300827264786e-03
1.998957945033907890e-03
-1.588352839462459087e-03
-1.411628560163080692e-03
3.072342078667134047e-04
1.281478162854909897e-02
-6.183665245771408081e-04
-6.195438560098409653e-03
3.490384900942444801e-03
-2.084077335894107819e-03
6.470064166933298111e-03
1.160513143986463547e-03
1.201089099049568176e-01
-8.572952356189489365e-04
-1.734685003757476807e-01
9.981414768844842911e-04
3.840493503957986832e-03
5.596453556790947914e-04
-1.067980774678289890e-03
-1.791302114725112915e-03
-3.221673145890235901e-02
-5.181604065001010895e-04
1.523016253486275673e-03
1.517057535238564014e-03
-1.278398907743394375e-03
1.923472620546817780e-03
4.811132326722145081e-02
2.059041289612650871e-04
-2.393897622823715210e-03
-1.814445276977494359e-04
4.870514385402202606e-04
2.544527873396873474e-03
8.035076782107353210e-03
-5.506373126991093159e-04
2.521746605634689331e-02
4.283445596229285002e-04
1.205423031933605671e-03
3.761660773307085037e-03
3.551247762516140938e-03
-8.718953467905521393e-04
3.053297754377126694e-03
1.433018147945404053e-01
1.120420754887163639e-03
5.417544394731521606e-02
-5.418052896857261658e-03
-9.957463480532169342e-04
-1.194115262478590012e-03
7.532870862632989883e-03
2.533419523388147354e-03
8.053179481066763401e-04
1.822443096898496151e-03
-5.973947234451770782e-03
3.290281631052494049e-03
-1.311913249082863331e-03
2.357822610065340996e-03
1.864404184743762016e-04
2.040941966697573662e-03
-7.013262715190649033e-03
-6.403055507689714432e-03
3.050692612305283546e-03
1.665240735746920109e-03
-1.021478383336216211e-04
7.646572194062173367e-04
3.869025502353906631e-03
4.142931356909684837e-05
-4.086396947968751192e-04
-1.747616217471659184e-03
5.200837622396647930e-04
-1.170555362477898598e-03
-5.457301740534603596e-04
5.138365668244659901e-04
7.744223112240433693e-04
-3.149429103359580040e-03
-2.100949641317129135e-03
-5.614062305539846420e-03
-3.477489203214645386e-02
-8.713463903404772282e-04
-7.862651254981756210e-04
1.098138540983200073e-01
-2.387271728366613388e-03
7.141558453440666199e-04
-2.011953154578804970e-03
2.049117581918835640e-03
4.319499130360782146e-04
-1.262332405894994736e-02
-4.884274676442146301e-04
6.542116752825677395e-04
-9.727244265377521515e-03
2.799643902108073235e-03
-2.065560314804315567e-03
1.072584763169288635e-01
5.151593312621116638e-02
-3.289130283519625664e-03
-8.231690153479576111e-04
-2.922094194218516350e-03
1.993390615098178387e-04
-7.073597516864538193e-03
2.131355693563818932e-03
1.367173274047672749e-03
-3.981188405305147171e-03
3.359656257089227438e-04
9.430823847651481628e-04
1.559877842664718628e-01
6.383523577824234962e-04
-1.453526347177103162e-04
-1.182641881314339116e-05
-9.741565212607383728e-03
-3.362407675012946129e-03
2.848073141649365425e-03
-4.874458827544003725e-04
-6.841773283667862415e-04
-1.049577840603888035e-03
5.250694695860147476e-03
4.286311159376055002e-04
2.979542128741741180e-03
3.300575306639075279e-03
-2.803502720780670643e-04
-5.396554246544837952e-02
-4.680118989199399948e-03
-2.679499157238751650e-04
-2.099995967000722885e-03
5.352886393666267395e-02
1.127981115132570267e-03
-8.701247279532253742e-04
-3.086892422288656235e-03
1.170647796243429184e-03
-1.615584013052284718e-03
6.985085783526301384e-04
-2.968483371660113335e-03
4.665488377213478088e-02
-1.136488839983940125e-01
1.139744184911251068e-03
-1.156447804532945156e-03
-4.907678230665624142e-04
-3.862304380163550377e-03
-1.301630691159516573e-04
-3.685741452500224113e-03
-3.535437630489468575e-03
1.987034047488123178e-04
1.344000454992055893e-03
-1.220516487956047058e-02
7.326712366193532944e-04
1.762047759257256985e-03
-8.409947901964187622e-02
7.820936152711510658e-04
9.361199336126446724e-04
-2.302449895069003105e-03
-4.150493186898529530e-04
7.503876695409417152e-04
-2.326034940779209137e-03
-2.846041228622198105e-03
-2.418502233922481537e-03
1.265803724527359009e-02
6.062801112420856953e-04
-1.354159205220639706e-03
2.436975715681910515e-03
-1.050827950239181519e-01
4.154428374022245407e-03
2.543664595577865839e-04
-3.548156702890992165e-03
-1.259813308715820312e-01
5.820848746225237846e-04
2.210875041782855988e-03
-6.885078619234263897e-05
2.745830570347607136e-04
3.224506042897701263e-03
2.046692371368408203e-02
1.658477005548775196e-03
1.087748408317565918e-01
1.578673720359802246e-03
-1.828525564633309841e-03
4.268309846520423889e-02
1.378219894832000136e-04
1.752263051457703114e-03
-2.720102784223854542e-04
2.193341264501214027e-03
-7.739196531474590302e-03
1.270804926753044128e-02
-2.049959031865000725e-03
3.278382821008563042e-03
-2.997615840286016464e-03
-6.396367098204791546e-05
-1.169894821941852570e-03
1.797766890376806259e-04
3.775872290134429932e-03
-7.059915806166827679e-04
1.456049853004515171e-03
-2.490596089046448469e-04
-1.791385700926184654e-03
1.248428248800337315e-03
2.813590457662940025e-03
-5.307075101882219315e-03
-3.230051952414214611e-04
-2.228493976872414351e-04
-6.022452726028859615e-05
-3.857506439089775085e-02
9.858254634309560061e-05
-7.477138936519622803e-02
-3.734691301360726357e-03
2.242769813165068626e-03
2.697514835745096207e-03
2.504521980881690979e-03
-1.321738236583769321e-03
-2.483865479007363319e-03
-2.967126900330185890e-03
3.303966717794537544e-03
-1.053545158356428146e-03
3.806494176387786865e-03
-2.539995824918150902e-03
-3.419471206143498421e-03
2.315354533493518829e-03
-4.228617763146758080e-04
-8.706534281373023987e-03
2.896929800044745207e-04
-4.735649097710847855e-03
1.658421009778976440e-01
4.710831213742494583e-03
-5.796574987471103668e-03
-4.367005079984664917e-03
1.117253443226218224e-03
-9.327788837254047394e-03
9.904212784022092819e-04
7.519046775996685028e-04
1.373262610286474228e-03
1.085304887965321541e-03
3.553010523319244385e-03
1.636040542507544160e-04
-1.375850439071655273e-01
1.058776024729013443e-02
1.523248851299285889e-03
1.004132721573114395e-02
3.374378662556409836e-03
4.019699059426784515e-03
-4.784207325428724289e-03
2.520886249840259552e-03
4.161338321864604950e-03
-6.635731551796197891e-04
2.227176912128925323e-03
3.223423380404710770e-03
-2.201747556682676077e-04
-2.713575959205627441e-03
-2.431416884064674377e-03
-6.338486447930335999e-03
3.703397000208497047e-03
-4.408525768667459488e-03
1.734257326461374760e-03
8.590015582740306854e-03
-8.505174773745238781e-04
1.540289968252182007e-01
9.163662325590848923e-04
-2.367828739807009697e-03
1.940994057804346085e-03
-1.257070107385516167e-03
-8.416277705691754818e-04
1.786182168871164322e-03
5.582163110375404358e-03
1.055905669927597046e-01
4.059207276441156864e-04
2.698902972042560577e-03
-1.471828296780586243e-02
-1.322717755101621151e-03
-6.142264008522033691e-01
3.624515980482101440e-02
1.812004833482205868e-03
6.921350955963134766e-02
-5.883011617697775364e-04
-5.246721557341516018e-04
2.936884760856628418e-03
-1.184805296361446381e-03
2.076608873903751373e-02
-1.125840819440782070e-03
2.711591124534606934e-01
-6.442183256149291992e-02
-3.817394026555120945e-04
3.536379896104335785e-03
1.338792499154806137e-03
4.415041301399469376e-03
-1.251751556992530823e-03
-5.243461346253752708e-04
-1.048606336116790771e-01
6.035141996107995510e-04
3.101995680481195450e-03
-5.123487208038568497e-04
-8.827358251437544823e-04
1.081896916730329394e-04
-1.712137134745717049e-03
9.314320050179958344e-04
4.037946462631225586e-03
-2.219138480722904205e-02
-4.472970031201839447e-04
1.210121554322540760e-03
2.134277165168896317e-04
1.606343081220984459e-03
-1.948619843460619450e-03
-2.250687684863805771e-03
-5.785158718936145306e-04
1.611871412023901939e-03
-9.066110849380493164e-02
9.981333278119564056e-04
-1.242166236042976379e-01
3.713406156748533249e-03
-2.344168350100517273e-02
-1.420408021658658981e-03
-2.754593151621520519e-04
-8.911289623938500881e-04
3.546338295564055443e-03
-1.265917089767754078e-03
-7.219648687168955803e-04
2.411695197224617004e-03
9.142445772886276245e-02
2.930745016783475876e-03
4.098265897482633591e-03
2.168176462873816490e-03
-1.223020721226930618e-03
-5.881441757082939148e-04
-6.730367988348007202e-02
-3.945983189623802900e-04
-2.444774610921740532e-03
-3.757835074793547392e-04
-3.914478002116084099e-04
1.714691752567887306e-04
3.066830337047576904e-03
2.251949347555637360e-02
1.330401189625263214e-02
2.256773971021175385e-02
5.784171819686889648e-02
-4.449199768714606762e-04
-5.069202743470668793e-03
2.021066320594400167e-04
-2.419497584924101830e-03
1.836992218159139156e-03
-4.729084204882383347e-03
-1.033886292134411633e-04
1.901829033158719540e-03
6.338774983305484056e-05
8.158618002198636532e-04
-1.491135568358004093e-03
-8.661123365163803101e-02
-4.820263944566249847e-03
-2.028442025184631348e-01
1.198289450258016586e-02
2.923104912042617798e-03
4.315318539738655090e-03
5.866827443242073059e-03
1.169211347587406635e-03
-6.187786930240690708e-04
1.072695385664701462e-02
-2.000154927372932434e-03
-8.161456137895584106e-02
-9.334043413400650024e-02
1.716678612865507603e-03
-3.021803451701998711e-03
-1.692413585260510445e-03
-2.150600077584385872e-03
1.368300640024244785e-03
-2.795551903545856476e-03
1.789786329027265310e-04
-1.518932986073195934e-03
