2.1
4.0
2.3
1.5
6.1
5.9
5.4
9.6
13.6
12.2
16.3
13.7
12.9
10.3
9.8
8.9
6.8
7.9
7.7
7.5
12.0
13.4
11.9
10.1
11.2
13.5
16.1
17.6
15.3
13.8
17.9
18.5
16.4
13.2
13.5
13.0
5.4
8.4
10.2
12.4
15.4
19.9
18.0
14.5
15.4
15.6
16.6
15.8
10.1
8.4
10.5
13.5
14.6
13.2
12.6
14.0
13.0
15.6
13.8
14.7
13.1
12.1
12.8
11.2
12.2
15.5
14.2
14.3
13.8
16.6
16.5
18.2
17.2
15.4
16.5
14.7
15.4
12.1
11.1
14.9
15.5
17.7
20.7
17.6
17.3
17.2
14.5
15.6
16.4
15.2
16.8
17.2
19.1
16.8
14.9
17.6
14.4
15.7
18.4
14.3
12.7
13.1
12.7
14.3
14.4
17.1
12.5
10.7
13.9
12.4
14.9
18.8
15.4
15.1
14.1
12.0
11.6
12.3
13.8
13.2
13.5
11.0
14.0
14.4
14.7
15.2
14.8
15.2
15.2
13.4
11.1
8.5
9.6
11.5
10.9
12.4
14.9
13.5
11.0
9.3
10.3
8.9
10.6
13.7
11.8
8.4
10.1
6.2
3.2
