6.8
10.7
9.1
8.5
8.9
7.9
6.9
5.6
8.3
11.3
13.5
14.4
11.8
11.5
11.1
12.7
11.3
11.6
11.6
13.6
16.6
14.0
8.0
5.9
8.0
9.1
8.6
11.1
9.6
10.7
12.4
11.3
12.6
11.5
7.7
13.4
11.0
13.6
12.4
14.5
15.8
12.4
13.5
13.2
14.1
12.5
10.0
11.8
10.6
12.9
14.2
15.5
17.5
17.7
13.0
11.4
13.2
15.8
17.8
20.2
13.6
12.7
15.6
16.5
14.8
17.9
19.7
19.1
16.0
13.9
14.7
15.1
14.9
16.3
16.2
15.3
16.7
20.0
21.2
16.3
14.2
14.7
11.4
12.9
15.7
18.7
14.7
13.8
16.4
14.5
16.1
20.5
15.8
17.0
17.1
17.0
18.5
15.8
12.2
15.8
18.3
17.6
15.1
15.9
18.1
17.5
11.1
12.8
13.9
11.8
11.6
16.1
19.4
19.2
17.2
19.6
15.9
16.2
17.8
17.4
18.2
10.8
9.0
11.1
9.1
10.8
15.0
18.1
18.3
19.3
20.4
20.5
17.9
14.4
9.8
8.7
10.3
13.4
13.9
9.6
10.3
10.3
10.3
13.6
19.2
21.6
22.6
20.4
15.2
15.0
9.1
9.8
16.3
