0.8
10.5
11.3
9.9
15.6
18.5
11.3
10.4
16.1
9.7
12.7
19.3
14.5
11.5
12.0
12.0
12.4
12.4
12.7
13.4
14.7
13.2
12.2
9.0
8.9
11.1
12.9
13.0
11.9
12.1
13.6
14.0
10.7
12.7
12.9
15.1
13.9
14.3
13.1
11.2
9.9
10.2
15.5
12.5
12.1
13.9
12.3
13.8
13.4
15.8
14.2
12.6
12.8
13.0
14.2
15.6
17.0
16.3
18.0
18.9
19.1
19.6
23.5
18.8
15.0
15.4
12.8
13.5
12.5
16.9
18.9
15.2
12.8
12.8
15.8
12.1
14.0
14.5
18.5
18.9
19.1
17.0
17.2
17.8
15.5
14.0
15.9
14.4
12.5
10.4
10.8
14.9
16.4
16.1
15.2
15.3
15.5
15.1
15.1
13.2
14.9
17.6
18.6
17.1
17.6
18.8
18.5
18.2
18.0
18.5
16.2
12.8
11.6
14.6
14.6
17.6
15.8
16.8
16.2
16.7
18.5
15.9
16.1
16.3
17.8
19.4
19.9
19.7
16.0
14.4
15.9
16.9
15.4
15.1
18.5
17.3
15.4
15.7
18.9
13.1
8.8
9.6
10.5
11.5
9.9
10.2
6.7
6.9
4.7
4.1
7.2
11.6
4.4
