7.2
7.5
10.5
15.4
16.5
17.1
8.6
8.8
11.4
13.1
14.1
13.2
10.2
8.1
7.8
6.4
6.2
8.6
9.9
12.0
14.7
17.7
20.1
9.7
10.4
13.1
17.2
15.0
13.4
17.1
20.0
18.5
15.3
17.9
15.2
13.7
14.9
17.9
19.6
14.4
8.7
12.1
16.1
13.6
12.7
14.3
14.0
14.0
14.1
14.1
17.4
11.7
10.3
11.6
13.5
15.5
18.4
16.4
13.0
15.7
18.4
18.0
17.9
17.5
16.0
18.2
20.0
19.8
21.5
20.4
16.5
14.7
16.5
20.2
18.4
19.3
14.7
11.9
13.0
15.0
15.9
14.1
17.2
18.4
12.4
15.0
16.9
20.3
18.2
18.7
17.6
16.1
13.2
14.1
16.0
14.6
14.2
16.0
15.5
16.2
15.7
17.3
16.5
17.0
17.5
12.9
13.5
14.5
15.6
16.7
13.8
12.8
13.8
17.3
18.8
17.2
12.4
13.9
16.8
18.0
17.8
17.8
18.8
15.8
18.0
12.5
12.5
14.3
15.3
16.8
16.5
15.4
12.8
16.0
13.4
7.5
5.2
3.5
5.6
7.3
8.8
7.0
3.3
2.7
4.2
4.3
8.1
12.9
12.9
11.9
12.1
13.1
10.2
