8.6
5.3
4.6
6.2
7.6
10.8
9.8
3.7
4.4
6.6
8.3
9.6
11.7
12.1
15.4
17.4
17.5
10.4
4.0
1.8
4.8
6.0
6.4
8.1
8.6
11.2
15.7
11.8
12.5
14.1
18.2
19.2
21.6
21.7
19.5
11.6
12.3
8.8
11.1
11.7
10.8
12.5
13.8
16.8
22.7
18.4
15.9
13.2
15.3
14.1
14.8
17.1
20.4
18.0
15.7
18.6
21.6
22.5
23.0
23.6
24.7
24.6
22.5
20.0
16.4
16.8
17.0
17.8
20.1
20.1
21.7
17.5
18.4
19.3
20.8
21.5
20.8
15.8
15.7
18.1
16.5
19.8
14.2
16.6
17.1
18.7
18.1
16.5
19.5
19.6
20.0
21.5
23.1
18.8
22.4
18.7
20.8
17.2
18.2
14.4
18.3
16.9
18.2
17.9
19.5
22.9
20.4
16.0
12.1
12.4
11.0
14.1
13.0
13.9
9.9
11.1
12.8
13.9
14.5
14.4
15.7
15.0
12.7
7.7
10.6
12.1
13.8
16.5
14.9
13.3
14.1
15.6
15.0
12.1
10.8
11.1
12.9
8.0
6.1
7.5
16.8
10.4
9.0
11.7
13.9
7.7
12.0
14.0
14.7
14.8
11.3
8.3
14.1
