9.8
9.5
10.0
13.0
12.6
11.8
7.9
5.4
4.8
4.5
8.9
9.1
7.6
10.1
11.7
15.1
10.4
8.3
5.3
6.1
6.2
9.1
13.3
13.7
13.2
14.2
13.9
13.4
11.9
11.0
10.7
12.5
12.8
16.5
15.7
11.8
11.0
12.9
14.1
15.4
18.2
15.7
13.3
12.4
12.1
13.0
15.0
17.1
16.1
14.9
14.6
16.0
15.6
9.5
10.9
13.9
16.5
16.8
15.6
13.3
15.8
15.2
12.7
12.6
13.4
15.7
14.3
18.0
18.1
18.1
17.7
17.8
19.8
17.2
17.3
19.2
19.3
19.2
14.6
18.8
16.9
17.7
16.7
17.4
19.6
16.6
17.3
19.0
20.5
20.9
20.0
19.7
20.0
16.9
17.6
14.6
12.6
15.8
20.3
18.2
18.3
18.8
20.8
20.6
21.9
17.7
18.7
19.5
18.7
19.1
20.5
19.4
19.1
18.9
17.8
16.8
17.2
19.1
15.0
15.1
16.2
20.1
21.5
17.9
18.1
20.2
22.0
15.1
13.6
14.0
10.5
10.2
13.8
18.6
15.5
14.4
11.9
12.8
13.0
10.2
8.4
7.6
6.7
7.9
9.8
11.3
12.0
8.6
13.7
14.8
14.7
14.0
11.7
