6.9
9.5
12.1
11.2
9.7
10.7
6.0
7.0
9.0
9.8
10.8
6.7
4.2
3.6
5.8
12.4
14.2
2.6
3.1
6.6
7.6
13.4
15.7
13.7
15.5
12.7
14.1
17.3
17.4
14.1
9.7
13.2
15.8
14.3
4.1
5.9
5.9
6.5
8.5
12.5
16.2
16.3
18.9
20.0
19.2
15.8
16.5
15.8
16.1
16.1
13.5
13.6
14.6
15.9
17.1
14.8
13.8
16.4
15.2
12.1
13.7
15.2
14.5
15.4
15.1
14.4
14.7
11.9
11.5
14.1
15.4
16.3
16.5
12.1
15.5
19.1
19.8
22.5
16.3
16.8
20.0
22.9
21.7
23.4
24.0
19.9
20.0
16.0
16.8
16.7
17.2
20.1
19.3
14.3
11.2
11.6
12.7
13.6
16.2
17.7
18.2
16.7
14.6
11.4
10.3
9.5
12.1
15.8
17.4
17.1
16.7
18.9
17.2
13.3
13.4
16.2
16.5
17.7
18.8
18.3
17.6
19.7
20.4
21.8
20.2
15.5
15.5
17.1
11.0
12.1
12.2
13.7
15.0
16.8
15.5
13.0
17.2
21.2
15.7
15.3
18.1
10.9
11.3
18.4
20.5
18.5
14.5
11.3
7.6
8.3
11.4
5.9
