11.1
15.9
17.4
17.9
10.9
12.2
18.2
11.7
6.8
5.8
7.0
7.1
4.7
8.3
10.1
14.3
16.2
19.1
10.4
4.4
4.7
4.5
6.3
11.0
13.0
13.0
10.7
10.4
12.5
8.8
10.9
14.6
14.3
15.4
18.4
18.4
20.4
20.5
19.7
16.7
13.0
13.7
13.5
13.9
12.3
11.3
9.6
11.4
11.7
14.1
15.7
14.5
15.8
15.5
13.6
14.7
15.8
16.6
16.7
18.0
15.7
16.5
18.1
16.0
12.3
12.4
12.2
15.5
17.1
14.6
14.6
14.4
16.0
15.2
14.7
13.2
14.4
13.2
15.4
18.3
17.1
17.6
16.5
17.5
17.8
18.0
18.8
18.8
17.5
18.3
16.2
13.3
15.8
16.3
13.8
16.1
17.0
16.2
16.9
15.5
16.6
13.2
16.9
16.1
17.1
17.4
17.9
18.7
17.1
13.1
13.0
15.6
17.0
11.3
11.9
12.7
12.8
13.6
14.7
10.2
13.8
16.5
18.6
16.3
10.6
10.2
8.3
8.8
9.1
10.1
8.6
11.3
13.5
7.3
6.6
9.6
12.4
12.9
14.2
14.8
10.1
7.1
6.5
7.4
5.3
9.1
9.3
7.8
11.9
11.2
6.5
7.7
9.2
