12.9
6.8
0.4
1.2
3.7
0.5
1.2
7.3
6.8
4.8
3.9
6.8
10.3
14.0
12.0
7.7
9.9
9.9
10.8
11.2
14.9
17.6
18.4
15.0
14.0
12.0
10.7
8.4
9.6
13.0
14.1
12.4
14.1
14.7
14.4
7.5
9.0
12.2
15.1
12.5
10.8
11.6
13.8
12.1
12.6
11.9
12.0
12.9
12.4
13.2
15.6
13.7
14.7
15.9
16.7
14.6
14.4
15.4
14.2
12.2
15.4
16.5
17.8
19.9
18.6
17.6
17.0
17.5
17.5
20.0
16.2
14.8
18.3
18.9
17.5
18.6
20.7
17.8
15.3
16.3
14.6
14.4
15.7
17.9
16.7
11.5
14.8
16.1
17.6
19.4
20.5
19.7
19.5
18.9
17.7
17.1
17.4
18.0
17.5
13.6
13.6
16.1
18.0
18.8
20.9
20.7
19.1
15.9
18.1
18.7
17.3
13.2
11.4
11.3
10.1
11.1
12.4
15.7
18.5
11.5
11.4
12.7
11.1
10.9
11.1
9.9
9.9
12.6
14.8
14.3
2.5
2.0
2.4
3.8
3.7
7.3
10.1
11.7
12.7
14.8
14.7
14.5
11.9
16.0
16.0
13.9
17.2
17.3
10.2
6.6
7.2
10.1
8.5
