15.4
15.7
18.1
17.7
16.3
11.0
10.5
9.6
9.5
10.3
9.9
12.9
15.9
17.0
19.0
14.5
12.1
10.0
16.0
17.0
19.2
16.2
15.0
13.0
12.9
12.1
15.6
17.9
18.9
18.3
17.8
12.1
14.2
15.6
20.0
18.0
16.0
19.0
21.1
20.3
19.5
19.6
20.5
21.7
12.0
11.8
16.4
14.9
10.2
8.6
8.2
11.1
12.7
15.0
17.2
15.6
17.6
17.5
19.6
19.9
21.3
19.0
13.3
11.5
13.5
15.5
16.8
17.4
17.0
20.2
17.3
13.9
15.2
17.3
17.1
17.5
18.7
15.5
16.2
16.3
19.4
19.3
21.7
20.3
22.7
18.6
15.0
12.8
11.8
17.2
19.0
18.5
18.7
19.8
16.6
17.4
17.1
17.5
18.0
16.9
16.1
14.0
16.0
16.0
18.5
21.3
21.4
19.8
21.7
11.9
9.9
10.3
13.3
15.6
16.0
11.1
14.2
17.4
17.7
18.1
19.7
19.2
16.9
18.5
18.6
14.3
10.1
11.8
8.5
11.1
12.7
12.9
14.0
16.3
16.7
14.2
10.6
12.7
15.6
13.2
10.0
8.8
7.3
9.1
10.8
14.0
11.7
11.1
14.8
10.6
7.6
7.0
5.1
