8.3
8.8
9.2
4.2
7.4
10.4
11.7
7.8
6.0
3.9
2.7
6.0
5.4
5.6
8.9
14.3
14.6
12.8
12.3
9.8
5.3
4.7
9.2
13.3
15.0
10.8
9.9
12.1
16.2
18.3
16.4
12.7
14.5
12.7
11.2
12.7
14.3
10.0
11.1
12.1
14.8
17.4
18.9
16.3
14.4
14.2
14.6
12.1
11.8
13.4
16.1
16.6
17.7
19.8
16.0
16.9
17.2
14.9
12.1
14.0
13.5
14.3
15.3
15.2
14.2
14.0
16.5
13.9
13.3
15.5
16.2
17.0
14.8
12.7
15.2
15.3
17.7
16.2
15.7
15.4
16.3
17.4
18.9
17.8
12.8
14.4
16.4
18.4
20.1
21.1
21.0
20.5
19.6
21.6
17.1
16.6
18.6
18.8
12.2
12.0
12.5
15.6
15.2
13.6
13.1
14.2
17.1
17.4
19.3
21.0
18.5
18.4
16.4
14.9
15.2
17.0
15.0
15.7
13.7
15.7
10.1
9.7
11.6
14.4
11.9
12.4
14.8
15.3
10.8
6.4
10.0
13.2
14.5
15.3
10.5
8.5
8.8
9.4
11.5
12.6
12.2
12.0
14.9
11.3
10.2
12.1
16.1
9.6
9.9
7.6
13.8
10.8
5.7
