6.6
4.8
6.3
10.1
5.0
7.9
11.4
15.0
9.9
4.5
7.9
12.6
17.2
14.8
16.2
14.5
8.0
5.7
7.2
11.2
15.1
12.8
6.4
6.2
9.7
10.2
8.8
9.4
11.7
12.0
13.3
15.3
13.7
12.7
16.6
17.3
13.7
13.1
9.9
10.4
11.1
15.4
18.1
12.9
12.9
11.1
14.8
15.2
12.0
11.8
13.6
16.3
17.5
17.4
16.1
16.3
12.6
14.6
15.2
17.5
18.7
16.6
16.8
14.1
12.9
14.4
16.5
19.9
21.2
23.6
22.8
21.7
21.1
20.9
18.6
16.8
17.0
18.2
19.9
18.1
18.9
17.7
18.7
17.4
13.2
16.8
16.7
18.6
17.2
18.2
18.0
16.0
16.7
13.1
13.7
19.5
20.3
20.4
19.1
20.1
18.2
18.4
16.8
16.8
17.6
15.4
12.1
13.7
15.2
17.2
17.2
20.0
19.9
17.5
16.3
10.8
11.8
13.6
16.4
20.0
14.4
13.0
11.5
11.5
11.5
10.8
11.9
11.3
12.0
14.1
14.6
16.6
10.0
6.3
9.2
13.6
14.7
12.3
10.5
12.3
13.1
10.4
12.6
14.0
13.9
13.4
12.8
10.8
11.3
9.3
13.6
15.1
10.7
