6.6
7.6
7.1
0.2
2.5
4.6
4.0
5.0
8.5
11.0
13.2
14.3
15.3
17.6
18.6
18.4
15.9
10.8
6.7
4.9
6.3
9.3
10.5
11.8
7.4
4.0
0.8
3.3
5.4
8.3
13.4
11.0
12.0
14.2
14.6
11.6
10.4
9.1
6.7
9.5
14.8
18.2
12.2
10.2
11.1
11.0
13.4
13.9
17.5
18.1
16.3
16.8
17.8
16.3
16.1
18.4
19.9
19.3
15.1
13.1
12.4
14.1
13.3
11.2
15.1
16.8
19.8
21.0
14.8
15.5
14.4
9.4
16.2
18.1
14.1
14.9
17.4
12.2
15.3
16.6
16.9
16.3
18.9
18.7
16.8
15.3
17.9
18.5
17.4
18.1
15.9
14.9
14.0
15.4
17.3
18.5
17.6
15.1
16.4
16.3
16.6
14.0
12.8
14.8
15.8
16.2
13.0
16.9
16.8
12.7
12.5
11.2
11.0
13.5
17.7
20.0
12.0
9.1
6.8
9.7
10.4
9.4
12.2
15.6
12.4
9.2
8.2
9.7
10.0
8.7
10.9
9.0
8.6
7.3
6.6
8.6
5.0
3.2
4.5
4.2
4.2
3.6
5.3
6.1
9.7
16.2
13.0
15.4
11.9
11.6
10.4
