8.8
5.3
4.7
7.9
8.8
2.7
3.8
5.2
8.9
8.1
5.9
5.5
7.2
9.5
10.0
7.7
5.1
7.8
9.9
12.2
13.6
14.0
15.7
16.5
15.7
15.9
16.2
10.1
10.1
13.2
15.8
15.4
12.6
12.7
12.3
14.6
17.2
20.4
19.7
17.1
16.8
17.9
10.2
9.1
10.1
10.0
14.9
10.5
12.2
13.4
11.1
12.4
14.8
16.0
16.8
19.9
20.6
20.8
21.8
17.6
17.6
19.0
19.8
21.6
16.0
12.6
14.6
14.1
19.1
22.6
22.4
21.2
19.8
17.3
17.2
17.6
13.1
12.2
17.1
18.9
19.0
18.2
14.3
14.3
16.6
13.8
13.0
12.3
14.8
15.3
15.8
17.5
18.0
19.9
20.3
17.1
14.5
12.4
15.1
17.5
17.9
19.2
19.4
20.3
21.0
17.1
10.7
9.9
11.6
13.7
17.4
13.7
8.6
9.8
12.9
15.3
15.2
15.4
15.8
15.8
18.5
16.0
15.2
15.5
12.9
8.6
7.8
6.5
5.9
8.2
10.5
11.4
13.3
16.2
16.9
10.7
7.3
7.2
5.7
6.8
9.4
11.3
11.8
6.6
9.2
8.4
11.5
13.0
6.2
5.4
7.2
9.3
11.8
