2.3
3.7
5.3
6.7
8.0
10.5
5.2
8.6
12.7
16.4
15.3
14.3
10.0
13.7
12.1
10.6
7.5
7.3
6.0
5.3
8.6
9.3
8.0
8.6
9.2
11.1
13.9
17.0
13.1
10.6
10.7
12.5
14.0
14.3
14.7
13.5
13.3
14.3
7.3
10.7
16.5
16.5
12.8
14.3
16.8
11.1
8.9
8.5
7.8
9.5
11.3
12.2
14.5
18.8
15.3
13.1
16.0
12.9
14.3
14.3
13.5
15.6
15.0
12.5
15.6
17.0
17.7
17.7
20.9
21.4
23.3
21.5
18.8
19.0
16.9
19.1
21.4
22.2
22.4
23.7
22.1
22.8
23.1
24.0
23.8
15.6
16.4
14.0
17.8
17.9
18.5
20.6
19.3
20.1
18.4
18.0
17.3
14.4
14.6
13.6
15.0
16.4
16.9
17.6
17.6
17.9
19.3
17.7
16.9
18.4
22.0
19.5
14.4
14.6
17.8
17.4
16.0
16.5
17.0
10.9
15.3
16.3
17.1
18.7
21.6
19.8
14.1
14.9
19.6
19.1
19.0
15.4
11.0
12.1
10.1
12.4
11.6
10.9
12.3
11.4
12.9
11.8
7.4
7.4
12.5
12.4
17.1
21.6
11.7
13.9
9.4
6.8
6.0
