8.5
12.2
12.6
11.9
13.5
14.0
18.6
15.9
7.2
4.4
8.3
13.5
15.9
16.8
20.7
19.2
9.1
10.7
12.4
15.2
17.3
18.7
19.7
19.7
19.4
16.6
17.2
21.4
12.2
10.4
9.8
10.0
13.5
15.3
15.4
12.0
15.2
18.3
20.3
18.4
9.7
11.6
14.7
14.0
10.7
12.6
13.4
15.2
16.8
18.1
18.8
19.3
17.4
16.9
19.3
20.1
14.4
15.3
14.1
14.0
13.4
13.0
11.8
12.6
14.4
17.3
20.7
18.1
15.3
18.9
14.6
18.5
18.9
18.6
14.5
17.2
20.3
20.8
18.7
19.0
19.5
15.1
15.6
15.0
13.3
13.4
15.7
15.0
16.6
18.2
19.7
18.1
20.3
16.8
16.3
14.7
18.1
19.2
19.7
19.3
22.4
24.6
19.6
12.8
14.1
18.1
16.8
16.8
16.7
13.5
12.5
15.9
16.3
19.3
18.2
10.5
11.3
13.0
8.7
10.8
14.7
13.1
12.2
11.6
12.1
10.0
8.1
10.5
12.9
15.8
13.5
10.9
9.6
9.6
4.4
1.4
4.6
3.6
4.1
5.1
6.1
6.1
2.5
1.7
6.3
7.6
8.8
4.7
2.3
0.5
