4.3
4.7
5.4
5.6
4.1
5.0
1.1
3.0
3.9
4.1
4.1
3.6
3.7
2.0
3.5
5.0
6.3
1.5
2.9
4.1
4.4
5.6
5.6
5.1
5.3
5.5
5.7
7.3
6.7
6.3
4.1
6.0
6.2
5.8
1.0
3.0
2.8
2.8
4.2
4.6
5.7
5.2
6.5
6.3
6.3
4.3
5.1
5.9
4.6
5.6
2.2
3.7
5.3
5.9
6.9
5.7
5.4
6.4
5.4
4.5
5.1
5.0
5.1
4.6
3.7
2.4
4.6
3.6
2.6
4.4
4.3
5.1
3.7
3.5
4.8
5.6
5.4
6.6
5.5
5.7
6.0
6.5
6.2
6.4
6.3
5.0
5.3
3.4
4.9
5.2
4.9
7.0
5.1
3.6
1.1
0.7
1.6
3.2
4.6
4.4
4.5
3.9
4.3
2.3
0.6
0.6
3.5
4.2
4.1
4.9
4.5
5.1
4.4
3.5
4.3
4.4
4.0
4.1
4.8
5.0
4.7
5.0
4.7
4.8
6.2
4.7
4.3
4.3
3.6
4.2
3.9
4.1
4.6
5.9
4.5
2.7
3.8
5.6
3.1
3.9
6.3
3.5
3.8
5.0
5.6
6.0
4.3
3.2
3.6
4.1
3.3
2.3
