1.1
1.1
2.5
4.3
1.1
4.4
4.6
5.5
4.0
3.4
5.0
5.7
7.5
5.9
6.0
6.0
3.3
3.0
3.8
4.6
4.6
4.4
1.6
2.6
3.8
4.1
4.2
4.1
5.3
4.3
4.8
6.1
3.3
4.6
5.9
3.7
3.9
6.4
1.8
3.4
1.7
5.1
6.2
2.7
4.4
3.4
4.9
4.1
3.2
3.0
4.7
5.2
5.3
3.8
3.0
4.2
1.5
4.7
5.2
4.8
5.3
4.9
4.9
3.4
3.6
4.7
4.7
5.5
5.4
5.9
6.1
5.6
4.7
5.3
3.4
0.9
1.7
3.5
4.8
4.3
3.4
4.1
4.9
5.4
3.0
3.4
3.2
4.6
4.0
4.6
5.2
4.2
4.1
3.1
3.7
4.9
5.1
4.9
2.8
4.8
4.7
4.1
3.9
3.9
4.5
3.1
3.6
4.3
4.7
5.3
4.7
5.0
4.1
4.4
4.9
3.1
3.9
4.5
4.9
6.0
4.1
4.2
4.2
3.3
4.2
2.8
4.2
2.0
3.4
4.2
5.5
5.8
3.9
4.0
3.9
4.3
4.2
3.4
2.5
4.5
4.3
4.0
4.1
3.7
4.1
3.4
3.2
2.8
2.2
2.9
3.6
3.5
2.7
