4.5
3.8
4.3
5.0
4.0
5.3
4.0
2.8
2.8
2.7
3.6
5.3
3.9
4.6
5.0
5.3
4.3
4.5
1.7
3.4
3.9
4.7
5.8
5.2
4.8
5.9
5.1
4.8
4.7
4.9
5.3
5.2
5.4
7.9
5.9
1.7
0.9
3.2
5.8
5.8
6.9
5.1
4.7
2.7
2.5
3.0
4.5
3.6
3.7
3.7
4.0
5.5
5.0
1.5
3.2
5.1
5.6
5.7
3.6
2.6
5.0
4.8
2.0
2.4
1.6
4.0
3.1
3.7
5.2
5.4
5.3
5.5
6.1
5.1
5.3
6.0
5.1
5.1
1.3
6.0
5.3
5.4
4.2
4.7
4.6
3.6
4.7
4.8
5.5
5.6
4.5
4.8
5.4
5.0
4.3
3.0
4.3
5.9
5.7
5.3
5.2
4.2
5.2
5.6
6.2
5.3
4.8
5.9
4.9
5.4
5.9
3.6
3.9
4.1
2.8
4.7
4.4
4.8
2.9
5.3
4.6
4.9
5.4
4.9
6.2
5.7
6.9
3.9
4.3
4.7
3.6
3.6
4.5
4.9
4.1
2.9
3.3
3.6
3.1
3.3
2.8
1.3
2.8
3.5
2.8
2.9
3.6
3.0
3.8
4.2
4.0
3.0
1.0
