4.1
3.0
3.3
2.9
4.0
5.7
4.0
0.6
1.7
3.9
2.8
4.5
3.7
4.7
5.5
6.7
7.6
3.9
2.1
2.0
3.6
4.1
2.7
0.9
2.8
4.9
7.3
5.5
5.3
6.2
6.9
5.8
7.2
8.3
7.2
2.4
5.1
2.8
3.7
1.5
1.1
5.3
5.5
6.9
7.5
5.4
6.7
6.3
5.9
3.8
5.2
6.2
7.4
5.0
3.7
5.9
6.9
6.0
6.9
7.5
8.4
9.1
6.0
5.4
2.2
3.7
4.1
4.6
6.0
5.6
7.3
4.2
5.3
6.1
6.5
5.7
5.8
3.7
2.5
4.3
1.1
5.2
4.5
5.8
5.5
5.5
5.4
4.4
5.2
4.9
4.9
6.1
6.1
2.4
7.0
4.4
6.3
4.1
5.8
3.5
5.3
4.0
4.9
6.0
7.0
7.3
5.4
3.3
2.3
4.5
1.5
3.4
3.8
2.9
2.3
3.4
4.6
4.1
3.2
4.3
4.5
4.8
3.9
1.8
2.7
4.2
4.9
4.1
4.5
4.0
4.1
4.6
3.2
1.7
1.2
3.2
3.9
2.6
3.5
2.6
4.7
3.2
3.1
4.2
3.0
2.7
3.9
3.2
4.4
5.0
3.3
3.3
5.3
