0.0
0.0
3.7
3.5
0.1
0.0
1.3
0.0
0.0
0.0
0.0
0.0
0.0
0.0
0.0
1.9
10.7
3.6
0.0
0.0
0.0
0.0
0.0
0.2
9.6
12.8
17.0
0.0
0.3
0.0
0.0
4.7
0.0
0.0
0.0
2.5
11.0
17.3
27.0
0.2
0.0
0.0
1.6
4.3
0.1
6.1
0.0
0.0
0.0
0.0
0.0
4.9
0.1
0.4
0.2
0.3
0.1
0.1
0.0
0.0
0.1
0.0
2.0
0.5
4.4
0.7
0.1
0.6
1.8
3.6
11.4
35.4
2.2
0.0
0.7
1.4
0.5
4.5
0.0
0.6
21.2
2.4
0.1
0.0
0.0
0.0
0.0
0.0
0.1
2.7
0.0
0.2
0.1
0.1
0.0
0.3
0.2
0.6
0.0
4.1
0.0
1.1
6.4
0.5
0.0
0.0
2.1
0.0
0.0
1.0
0.0
12.9
0.0
0.0
0.2
0.0
0.0
0.0
0.9
0.3
0.0
0.9
0.4
0.0
0.0
0.0
0.0
0.0
3.2
0.1
0.0
0.0
1.2
8.6
5.4
2.7
6.3
0.0
0.1
11.1
0.7
3.5
0.0
0.2
0.0
0.0
0.8
0.0
0.7
0.2
0.0
