0.1
0.1
0.0
0.0
0.3
0.0
2.4
21.6
0.1
0.0
0.0
0.0
0.0
0.0
0.0
0.0
0.0
0.7
6.8
0.0
0.1
1.0
13.1
2.8
3.7
7.4
3.7
0.0
0.1
0.0
0.0
5.2
0.1
0.0
0.0
0.0
10.6
0.0
0.0
0.0
0.0
2.5
0.5
0.3
0.1
7.0
9.1
0.1
11.2
6.0
1.7
0.7
0.0
0.0
1.5
7.8
6.0
0.5
0.0
0.0
1.6
0.2
0.0
0.2
1.0
0.4
0.0
0.0
1.0
0.3
0.0
4.6
2.9
5.2
3.2
0.0
0.1
0.0
1.2
27.6
0.3
0.0
29.3
1.9
0.0
0.1
3.3
2.1
0.5
0.1
0.2
0.0
0.0
0.1
0.2
0.0
0.3
6.5
1.8
0.0
0.0
6.7
0.8
0.0
0.1
0.0
6.4
0.5
0.0
6.0
0.7
0.0
0.0
0.0
0.0
0.0
0.0
0.0
0.0
0.0
0.0
9.6
0.4
0.4
7.6
0.1
0.0
0.0
0.0
0.0
0.0
0.0
0.0
0.0
0.0
0.0
0.0
0.0
0.1
0.3
0.3
1.9
0.0
0.0
0.0
0.0
0.0
0.0
0.0
0.0
0.0
0.0
0.0
