5.3
1.8
0.1
0.0
13.7
0.0
0.0
0.0
0.9
0.0
0.0
0.0
0.0
0.0
0.0
2.3
0.1
4.5
0.0
0.0
0.0
0.0
6.1
3.0
0.0
0.0
0.2
0.0
3.7
0.0
0.1
0.0
7.6
0.0
0.0
3.2
19.6
0.0
17.6
0.5
6.2
0.0
0.0
10.5
7.3
13.3
0.1
1.8
3.7
0.2
0.0
0.0
0.0
0.0
1.0
0.2
6.4
12.7
0.0
0.0
0.0
17.2
0.4
8.6
0.1
0.0
0.8
0.0
0.0
0.0
0.0
0.0
0.0
0.0
5.0
25.1
4.2
0.0
0.2
0.0
4.0
1.0
0.1
1.3
3.2
1.8
1.6
0.1
0.9
0.0
3.9
13.5
0.4
1.2
0.1
0.0
0.0
0.0
10.8
0.1
0.0
0.0
0.0
0.8
0.0
8.9
0.1
0.0
0.0
0.1
0.0
0.0
0.0
1.0
0.5
23.4
0.1
0.0
0.0
0.0
0.6
0.1
0.0
0.0
0.0
0.0
0.0
0.2
0.1
0.0
0.0
0.8
11.0
0.0
0.0
0.0
0.0
0.0
0.0
0.0
0.0
0.0
0.0
0.0
0.0
0.0
0.0
0.0
0.0
0.1
0.0
0.0
0.0
