0.1
0.0
0.0
2.4
0.2
0.0
0.0
0.1
0.0
0.0
0.0
0.0
0.0
0.0
0.0
0.0
0.0
0.0
0.0
3.4
29.5
4.8
0.0
0.0
0.0
0.3
0.0
0.0
0.0
0.0
35.4
0.0
0.0
0.0
0.0
0.0
1.2
17.3
1.2
0.1
0.0
0.0
7.7
31.7
44.1
21.8
0.0
5.2
0.0
0.0
0.0
3.8
0.0
0.0
3.6
0.0
0.2
6.9
3.4
0.1
19.5
4.0
0.0
0.0
1.9
0.0
0.0
7.5
20.9
4.7
0.1
0.0
5.3
1.9
0.0
0.0
0.0
2.1
0.0
7.4
0.0
0.0
0.4
9.5
8.6
4.3
0.0
0.0
0.0
0.0
0.0
0.0
0.0
0.0
2.5
0.0
0.0
0.0
16.9
7.5
0.0
0.0
0.8
4.8
1.2
0.0
0.2
0.0
2.8
0.1
0.0
0.0
0.0
0.6
0.0
0.0
0.0
0.0
0.2
0.0
0.0
0.0
0.0
0.0
0.2
0.0
0.0
0.0
14.7
1.2
0.0
0.0
0.0
0.0
0.0
0.0
0.0
0.0
0.0
0.0
0.0
0.0
0.1
0.0
0.0
0.0
0.0
0.0
1.7
0.1
0.0
0.0
0.0
