0.0
0.0
0.0
0.0
0.0
0.0
0.0
0.0
0.0
0.0
0.0
0.0
0.5
0.1
0.0
0.0
1.9
0.2
3.6
0.9
0.2
0.0
5.1
27.4
11.7
0.0
0.1
0.0
3.5
10.8
0.0
0.1
17.7
10.3
0.0
0.0
0.2
6.0
3.0
2.8
0.1
0.0
0.0
0.3
2.3
0.3
0.1
3.3
8.2
9.0
12.5
16.3
0.1
2.8
0.5
1.0
0.0
0.1
0.0
0.0
7.1
0.0
0.0
0.0
6.4
0.0
9.0
0.1
2.7
0.2
0.0
1.3
0.1
3.4
0.1
0.6
0.1
0.0
0.1
1.3
0.1
10.8
0.0
0.3
16.8
0.1
0.1
0.0
0.7
0.6
0.2
0.0
0.0
0.0
0.0
0.0
2.2
0.1
7.9
1.5
0.1
0.0
0.0
0.0
0.0
0.1
0.0
0.0
0.0
0.0
0.0
0.0
0.1
0.0
0.0
0.0
0.0
0.6
0.1
0.0
2.9
1.7
0.0
0.0
0.0
0.0
0.0
0.0
14.8
0.2
0.1
0.0
0.0
0.0
0.0
0.0
0.0
0.0
0.0
0.0
2.1
0.0
0.0
0.1
0.0
0.0
0.0
0.0
0.0
0.0
0.0
0.1
0.8
