0.0
1.2
0.0
0.3
0.1
0.0
0.3
17.3
0.0
0.0
0.5
0.0
0.2
0.0
0.0
0.0
0.0
3.4
0.0
0.0
0.0
0.0
2.1
13.2
0.1
0.0
0.0
0.2
0.0
0.0
0.0
0.0
0.0
0.0
4.5
8.6
2.0
0.9
0.0
6.0
0.6
0.0
0.0
0.0
0.0
5.6
1.5
0.0
0.0
2.9
0.0
0.0
0.0
3.6
18.4
0.0
0.0
0.0
0.0
0.0
0.0
0.0
13.8
1.2
2.2
0.0
5.1
0.0
0.0
0.0
0.0
2.5
0.0
0.0
0.0
0.3
0.0
0.0
0.1
0.0
0.4
0.0
3.9
0.0
0.0
0.0
0.0
0.0
0.0
0.0
0.0
0.0
0.0
0.2
0.0
8.2
0.0
0.0
0.0
0.0
0.0
0.8
0.0
0.0
0.0
0.0
0.0
5.3
10.4
0.0
0.9
5.5
0.0
3.2
25.6
2.2
0.0
0.0
0.2
0.0
0.0
0.0
5.1
1.4
0.0
0.0
0.0
0.0
0.0
0.0
0.0
0.0
1.1
11.7
2.3
0.0
0.0
3.1
0.1
0.0
0.0
0.0
0.0
0.0
0.0
0.0
0.0
0.0
0.0
0.0
0.0
0.0
0.0
