0.0
0.0
0.0
0.1
0.0
0.0
7.1
0.2
0.0
0.0
0.0
0.0
5.6
1.3
0.0
0.0
0.0
0.2
0.1
0.0
0.0
0.0
0.0
0.0
0.0
0.0
0.0
0.0
0.0
0.0
0.0
0.0
0.0
0.0
14.7
3.1
1.5
0.6
0.0
0.0
0.0
0.0
0.0
0.2
0.0
5.4
0.6
2.5
0.8
0.3
6.2
0.0
0.0
0.0
2.8
0.1
0.0
0.0
1.7
0.2
0.1
0.0
1.0
3.1
0.3
2.4
2.7
5.3
2.7
0.0
0.0
0.0
0.2
0.0
0.0
0.0
0.2
0.0
0.0
0.0
0.0
0.0
0.0
0.0
0.0
1.8
0.0
4.6
0.3
4.2
0.6
0.3
3.3
26.0
3.2
0.9
0.3
0.1
0.3
0.0
0.0
0.0
1.2
3.0
10.5
38.9
0.2
0.0
0.0
0.0
0.0
0.0
0.0
0.0
0.1
0.0
0.0
0.0
0.0
0.0
0.0
0.0
0.0
0.0
0.0
0.0
0.2
0.0
0.0
0.0
0.0
0.0
0.0
0.0
0.0
0.0
0.0
0.0
0.0
0.0
0.0
6.1
0.0
0.0
0.1
0.0
0.0
5.5
0.0
0.2
0.0
0.0
