0.5
0.0
2.0
0.0
0.0
1.1
3.1
0.1
0.0
0.0
0.1
0.0
4.8
2.0
0.0
0.0
0.0
0.1
0.0
0.0
0.0
0.0
28.6
3.2
0.0
0.0
0.0
0.0
0.0
0.0
0.0
0.0
0.0
0.0
0.0
0.0
7.0
1.5
4.4
0.0
0.0
0.0
8.0
12.8
0.0
0.2
0.0
4.2
29.7
4.3
44.8
0.1
2.8
0.1
0.0
0.0
10.8
0.1
0.0
0.4
0.8
0.0
0.3
11.2
0.4
0.0
0.0
0.0
0.3
7.2
0.0
0.3
0.5
2.3
0.0
23.9
0.1
1.8
10.7
0.0
0.0
0.0
0.0
5.0
0.0
0.0
0.0
0.0
0.0
0.1
0.0
0.0
0.0
0.1
0.1
0.0
7.1
0.3
2.8
0.1
1.0
0.1
9.3
0.1
0.0
0.0
5.0
0.0
0.0
0.0
0.0
0.0
0.1
0.0
9.1
4.0
0.1
0.0
0.4
0.0
0.1
0.0
7.4
1.7
0.0
0.4
1.1
0.0
0.0
0.0
4.7
4.9
0.1
0.0
0.0
0.0
0.0
0.0
0.1
0.0
0.1
0.1
0.0
0.0
0.1
0.4
0.1
2.2
1.0
