0.0
0.0
0.0
0.0
0.0
0.2
0.1
8.4
7.8
0.0
8.9
0.0
0.0
0.0
0.0
0.0
0.0
0.0
0.0
0.0
0.0
1.5
0.0
0.0
0.0
0.0
0.0
0.1
0.0
0.0
0.0
6.9
0.0
0.0
0.0
0.0
0.0
0.0
0.0
0.0
0.0
0.0
0.0
0.0
10.4
12.3
0.0
2.4
5.5
4.1
6.3
0.6
0.0
0.0
0.0
0.0
0.0
6.5
0.0
0.0
0.0
0.0
0.0
1.2
0.1
0.0
0.0
4.0
0.0
0.0
14.2
2.2
0.0
0.1
0.0
0.3
0.0
0.6
0.3
0.0
2.4
0.0
0.1
0.0
0.0
5.0
0.1
1.2
0.5
0.0
0.0
0.0
0.0
0.0
0.0
0.0
0.0
0.0
0.0
11.6
10.9
3.3
0.0
0.0
0.0
0.0
0.0
0.0
0.0
0.7
0.0
0.0
0.0
0.1
1.1
1.1
0.1
0.0
0.0
0.0
0.0
0.0
7.5
0.0
0.0
0.0
1.2
7.6
1.0
0.0
0.0
0.0
0.0
0.0
0.0
0.0
0.0
0.0
0.0
0.0
0.0
0.0
5.6
0.0
0.0
0.0
0.0
0.0
0.0
0.0
0.1
0.8
0.2
