0.0
0.0
0.0
0.0
0.0
0.1
1.4
10.7
0.0
0.0
0.1
0.0
0.4
1.1
0.0
0.0
0.0
0.8
11.1
0.8
0.0
0.0
0.0
0.1
0.0
0.0
0.4
0.0
0.0
0.2
0.0
0.0
0.0
0.0
0.0
16.1
4.3
0.2
0.1
0.0
0.0
0.9
2.7
17.5
35.3
5.8
0.0
0.0
8.4
9.4
0.0
0.0
22.3
30.1
0.6
0.0
0.0
3.9
5.3
17.1
0.0
0.9
0.0
0.0
4.6
1.8
0.0
0.4
0.0
0.0
0.0
0.0
0.0
0.0
0.0
0.0
0.2
0.8
3.1
0.0
0.0
0.0
7.6
0.1
0.1
5.9
0.0
2.1
0.0
1.6
0.2
0.0
3.2
0.1
0.0
3.2
0.1
0.0
0.0
0.0
0.0
0.0
0.0
0.0
1.5
0.0
0.0
0.2
0.0
0.0
0.0
0.0
0.9
0.0
0.5
0.0
0.0
0.0
1.6
0.0
0.0
0.0
0.0
0.0
0.0
0.0
0.0
0.1
0.0
0.0
0.0
0.0
0.0
0.0
0.0
0.0
0.0
1.1
0.0
0.1
0.0
4.5
0.1
0.0
0.0
0.0
0.0
0.0
0.0
0.0
0.0
0.0
0.1
