0.0
0.3
0.0
0.0
0.0
1.4
0.1
0.0
0.0
0.0
0.7
3.9
2.9
0.1
0.2
7.2
1.5
0.0
0.4
0.0
0.0
0.0
0.0
11.0
1.4
0.0
0.0
0.1
0.0
0.0
0.0
0.3
5.8
0.0
1.2
0.2
0.0
0.0
14.9
27.1
4.0
0.2
0.0
5.8
3.2
0.0
0.0
0.0
0.3
0.0
0.1
1.3
1.2
0.0
0.0
0.0
0.0
7.4
0.1
0.0
0.0
5.2
0.0
8.4
0.0
0.0
0.0
0.1
0.0
0.1
6.0
0.0
0.3
0.9
0.0
0.0
0.1
0.0
0.0
0.0
0.0
0.4
0.0
0.1
4.7
0.0
0.0
0.0
3.1
0.0
0.0
0.3
8.3
0.0
0.0
2.8
0.0
0.1
0.0
0.0
0.0
0.0
0.0
0.0
0.6
4.6
11.3
0.0
0.1
0.0
0.1
0.0
0.0
0.0
0.0
0.0
1.0
0.0
0.0
0.0
0.0
0.0
0.0
1.3
0.0
4.5
0.1
0.0
0.0
0.0
0.0
0.0
0.0
0.0
1.9
5.2
0.9
0.1
0.0
0.0
0.1
0.1
0.9
3.6
0.3
0.0
0.0
0.0
0.0
0.0
0.0
0.0
0.8
