0.0
0.0
0.0
0.0
0.0
0.0
0.0
0.0
0.0
0.0
0.0
0.4
0.0
0.0
0.0
0.0
0.0
0.0
3.5
15.2
8.7
8.6
0.0
0.0
0.0
0.0
1.3
0.1
0.4
8.9
0.0
0.0
0.2
0.0
0.0
0.0
0.0
6.4
0.2
4.8
0.0
1.5
0.0
0.0
0.0
0.1
0.0
0.0
0.0
2.6
0.0
0.3
0.1
1.2
20.7
0.8
0.1
0.0
4.1
0.0
19.1
1.7
12.1
2.8
8.4
0.0
1.7
0.0
0.0
7.0
0.2
10.7
0.7
1.6
4.8
9.6
20.5
4.1
0.0
0.0
0.0
0.0
0.0
6.0
0.0
0.8
0.1
0.0
3.5
0.0
6.2
0.0
0.8
1.7
39.0
0.2
0.0
0.0
0.2
0.0
0.7
24.9
1.0
0.0
0.0
0.3
0.0
0.0
0.0
0.2
0.0
0.0
0.0
22.6
14.3
0.0
8.7
0.0
0.0
0.1
0.0
1.2
0.2
0.2
1.4
0.0
0.0
6.2
4.6
0.2
1.1
0.0
1.0
2.8
0.3
0.0
0.0
0.0
0.0
0.0
0.3
0.0
8.4
0.1
0.1
0.5
0.0
0.0
0.0
0.0
0.0
0.0
0.2
