0.2000
0.2000
0.2000
0.2000
0.2000
0.2000
0.2000
0.2000
0.2000
0.2000
0.2000
0.2000
0.2000
0.2000
0.2000
0.2000
0.2053
0.2226
0.2399
0.2623
0.2924
0.3157
0.3234
0.3257
0.3334
0.3439
0.3531
0.3687
0.3804
0.3948
0.4135
0.4293
0.4482
0.4644
0.4711
0.4917
0.5064
0.5273
0.5452
0.5679
0.5934
0.6108
0.6305
0.6493
0.6700
0.6869
0.6980
0.7131
0.7254
0.7425
0.7622
0.7844
0.8102
0.8360
0.8519
0.8644
0.8802
0.9007
0.9243
0.9515
0.9664
0.9795
0.9971
1.0156
1.0309
1.0503
1.0715
1.0907
1.1051
1.1162
1.1279
1.1395
1.1503
1.1620
1.1729
1.1823
1.1922
1.2037
1.2146
1.2212
1.2261
1.2306
1.2332
1.2361
1.2394
1.2425
1.2440
1.2447
1.2449
1.2444
1.2430
1.2396
1.2361
1.2314
1.2255
1.2186
1.2095
1.2013
1.1953
1.1855
1.1723
1.1585
1.1465
1.1326
1.1147
1.0963
1.0869
1.0743
1.0594
1.0476
1.0357
1.0149
0.9864
0.9565
0.9295
0.8954
0.8687
0.8402
0.8062
0.7719
0.7339
0.7167
0.7046
0.6859
0.6732
0.6549
0.6227
0.5790
0.5331
0.4818
0.4244
0.3643
0.3126
0.2739
0.2538
0.2381
0.2155
0.2000
0.2000
0.2000
0.2000
0.2000
0.2000
0.2000
0.2000
0.2000
0.2000
0.2000
0.2000
0.2000
0.2000
0.2000
0.2000
