0.2000
0.2000
0.2000
0.2000
0.2000
0.2000
0.2000
0.2000
0.2000
0.2000
0.2000
0.2000
0.2000
0.2000
0.2000
0.2000
0.2000
0.2000
0.2000
0.2000
0.2000
0.2103
0.2320
0.2548
0.2761
0.2999
0.3229
0.3444
0.3621
0.3773
0.3918
0.4107
0.4303
0.4589
0.4853
0.5020
0.5166
0.5358
0.5576
0.5823
0.6133
0.6381
0.6571
0.6739
0.6898
0.7076
0.7295
0.7556
0.7791
0.7998
0.8194
0.8416
0.8624
0.8712
0.8825
0.8994
0.9206
0.9419
0.9605
0.9748
0.9928
1.0094
1.0216
1.0333
1.0460
1.0617
1.0748
1.0925
1.1094
1.1254
1.1400
1.1539
1.1688
1.1801
1.1907
1.2018
1.2117
1.2204
1.2255
1.2318
1.2363
1.2401
1.2426
1.2443
1.2450
1.2444
1.2428
1.2397
1.2346
1.2276
1.2193
1.2094
1.1977
1.1872
1.1749
1.1647
1.1561
1.1430
1.1230
1.1041
1.0837
1.0609
1.0330
1.0032
0.9687
0.9411
0.9098
0.8749
0.8402
0.8027
0.7594
0.7173
0.6742
0.6299
0.5875
0.5471
0.5039
0.4522
0.4145
0.3753
0.3308
0.2689
0.2000
0.2000
0.2000
0.2000
0.2000
0.2000
0.2000
0.2000
0.2000
0.2000
0.2000
0.2000
0.2000
0.2000
0.2000
0.2000
0.2000
0.2000
0.2000
0.2000
0.2000
0.2000
0.2000
0.2000
0.2000
0.2000
0.2000
0.2000
0.2000
0.2000
0.2000
