0.2000
0.2000
0.2000
0.2000
0.2000
0.2000
0.2000
0.2000
0.2000
0.2000
0.2000
0.2003
0.2140
0.2221
0.2294
0.2331
0.2362
0.2456
0.2584
0.2766
0.3017
0.3344
0.3730
0.3849
0.3986
0.4190
0.4495
0.4743
0.4949
0.5244
0.5605
0.5925
0.6166
0.6464
0.6696
0.6891
0.7111
0.7393
0.7705
0.7902
0.7979
0.8125
0.8350
0.8520
0.8671
0.8850
0.9020
0.9186
0.9351
0.9513
0.9727
0.9840
0.9928
1.0036
1.0172
1.0335
1.0535
1.0699
1.0810
1.0954
1.1125
1.1282
1.1429
1.1563
1.1673
1.1797
1.1925
1.2038
1.2149
1.2237
1.2293
1.2334
1.2375
1.2415
1.2438
1.2449
1.2448
1.2444
1.2435
1.2417
1.2390
1.2360
1.2311
1.2245
1.2202
1.2138
1.2053
1.1927
1.1803
1.1661
1.1517
1.1380
1.1272
1.1146
1.0984
1.0835
1.0685
1.0497
1.0307
1.0095
0.9882
0.9625
0.9374
0.9098
0.8798
0.8601
0.8384
0.8132
0.7843
0.7511
0.7253
0.7019
0.6748
0.6357
0.5902
0.5484
0.5225
0.4905
0.4470
0.3975
0.3472
0.2954
0.2377
0.2000
0.2000
0.2000
0.2000
0.2000
0.2000
0.2000
0.2000
0.2000
0.2000
0.2000
0.2000
0.2000
0.2000
0.2000
0.2000
0.2000
0.2000
0.2000
0.2000
0.2000
0.2000
0.2000
0.2000
0.2000
0.2000
0.2000
0.2000
0.2000
0.2000
