0.2000
0.2000
0.2000
0.2000
0.2000
0.2000
0.2000
0.2000
0.2000
0.2000
0.2000
0.2000
0.2216
0.2524
0.2932
0.3298
0.3403
0.3549
0.3738
0.3996
0.4305
0.4646
0.5008
0.5365
0.5710
0.5984
0.6268
0.6644
0.6806
0.6927
0.7034
0.7144
0.7330
0.7552
0.7772
0.7919
0.8129
0.8398
0.8698
0.8954
0.9042
0.9164
0.9341
0.9501
0.9600
0.9731
0.9872
1.0039
1.0227
1.0427
1.0630
1.0829
1.0994
1.1145
1.1316
1.1485
1.1583
1.1686
1.1771
1.1851
1.1922
1.1985
1.2035
1.2089
1.2150
1.2221
1.2299
1.2352
1.2385
1.2420
1.2436
1.2448
1.2448
1.2434
1.2417
1.2386
1.2332
1.2258
1.2178
1.2083
1.1968
1.1879
1.1776
1.1672
1.1579
1.1480
1.1345
1.1210
1.1044
1.0842
1.0599
1.0368
1.0080
0.9843
0.9606
0.9394
0.9094
0.8751
0.8378
0.7997
0.7508
0.6924
0.6466
0.6214
0.5912
0.5464
0.5046
0.4615
0.4175
0.3847
0.3552
0.3114
0.2647
0.2038
0.2000
0.2000
0.2000
0.2000
0.2000
0.2000
0.2000
0.2000
0.2000
0.2000
0.2000
0.2000
0.2000
0.2000
0.2000
0.2000
0.2000
0.2000
0.2000
0.2000
0.2000
0.2000
0.2000
0.2000
0.2000
0.2000
0.2000
0.2000
0.2000
0.2000
0.2000
0.2000
0.2000
0.2000
0.2000
0.2000
