0.2000
0.2000
0.2000
0.2000
0.2000
0.2000
0.2000
0.2000
0.2000
0.2000
0.2000
0.2000
0.2000
0.2000
0.2000
0.2037
0.2116
0.2134
0.2192
0.2354
0.2618
0.2820
0.2857
0.2888
0.3009
0.3144
0.3241
0.3355
0.3526
0.3705
0.3915
0.4175
0.4393
0.4584
0.4871
0.5171
0.5382
0.5576
0.5693
0.5821
0.5965
0.6208
0.6509
0.6689
0.6867
0.7003
0.7219
0.7440
0.7590
0.7735
0.7915
0.8147
0.8400
0.8644
0.8858
0.9070
0.9210
0.9384
0.9564
0.9778
1.0005
1.0191
1.0373
1.0509
1.0624
1.0756
1.0913
1.1105
1.1301
1.1508
1.1689
1.1842
1.1974
1.2089
1.2176
1.2241
1.2299
1.2352
1.2399
1.2427
1.2445
1.2450
1.2442
1.2424
1.2406
1.2372
1.2328
1.2265
1.2196
1.2109
1.2011
1.1918
1.1808
1.1726
1.1632
1.1462
1.1265
1.1047
1.0831
1.0580
1.0346
1.0093
0.9858
0.9610
0.9333
0.9094
0.8925
0.8712
0.8453
0.8132
0.7798
0.7368
0.6921
0.6530
0.6164
0.5972
0.5743
0.5446
0.5042
0.4492
0.4137
0.3828
0.3572
0.3312
0.3048
0.2809
0.2521
0.2253
0.2000
0.2000
0.2000
0.2000
0.2000
0.2000
0.2000
0.2000
0.2000
0.2000
0.2000
0.2000
0.2000
0.2000
0.2000
0.2000
0.2000
0.2000
0.2000
0.2000
0.2000
0.2000
0.2000
0.2000
0.2000
