0.2000
0.2000
0.2000
0.2000
0.2000
0.2000
0.2000
0.2000
0.2000
0.2022
0.2150
0.2357
0.2641
0.2953
0.3313
0.3557
0.3738
0.3865
0.4142
0.4443
0.4794
0.5069
0.5312
0.5504
0.5693
0.5861
0.6110
0.6408
0.6725
0.7023
0.7304
0.7457
0.7654
0.7877
0.8186
0.8447
0.8663
0.8932
0.9230
0.9504
0.9754
0.9997
1.0244
1.0497
1.0599
1.0696
1.0854
1.0985
1.1052
1.1097
1.1137
1.1212
1.1303
1.1417
1.1548
1.1656
1.1775
1.1885
1.2001
1.2106
1.2206
1.2278
1.2315
1.2341
1.2371
1.2401
1.2427
1.2443
1.2450
1.2443
1.2426
1.2407
1.2378
1.2334
1.2279
1.2211
1.2123
1.2047
1.1955
1.1854
1.1709
1.1550
1.1343
1.1134
1.0869
1.0647
1.0474
1.0333
1.0206
0.9969
0.9681
0.9387
0.9072
0.8714
0.8420
0.8092
0.7759
0.7400
0.7013
0.6644
0.6289
0.5992
0.5619
0.5235
0.4748
0.4137
0.3496
0.2896
0.2193
0.2000
0.2000
0.2000
0.2000
0.2000
0.2000
0.2000
0.2000
0.2000
0.2000
0.2000
0.2000
0.2000
0.2000
0.2000
0.2000
0.2000
0.2000
0.2000
0.2000
0.2000
0.2000
0.2000
0.2000
0.2000
0.2000
0.2000
0.2000
0.2000
0.2000
0.2000
0.2000
0.2000
0.2000
0.2000
0.2000
0.2000
0.2000
0.2000
0.2000
0.2000
0.2000
0.2000
0.2000
