0.2000
0.2000
0.2000
0.2000
0.2000
0.2000
0.2000
0.2000
0.2000
0.2000
0.2000
0.2000
0.2000
0.2000
0.2000
0.2000
0.2000
0.2000
0.2000
0.2000
0.2000
0.2000
0.2092
0.2226
0.2388
0.2610
0.2898
0.3223
0.3488
0.3712
0.4039
0.4378
0.4661
0.4863
0.5071
0.5266
0.5275
0.5358
0.5483
0.5660
0.5906
0.6254
0.6553
0.6768
0.7000
0.7234
0.7485
0.7716
0.7823
0.7894
0.8008
0.8182
0.8376
0.8538
0.8687
0.8859
0.9010
0.9206
0.9366
0.9537
0.9678
0.9798
0.9928
1.0029
1.0145
1.0309
1.0448
1.0585
1.0710
1.0870
1.1021
1.1186
1.1331
1.1448
1.1570
1.1668
1.1766
1.1830
1.1882
1.1962
1.2041
1.2128
1.2221
1.2284
1.2337
1.2379
1.2405
1.2427
1.2443
1.2449
1.2447
1.2436
1.2409
1.2376
1.2340
1.2284
1.2235
1.2171
1.2079
1.2007
1.1942
1.1869
1.1795
1.1700
1.1596
1.1453
1.1358
1.1282
1.1160
1.1053
1.0903
1.0680
1.0502
1.0320
1.0149
1.0013
0.9880
0.9729
0.9541
0.9360
0.9166
0.9025
0.8808
0.8574
0.8323
0.8051
0.7781
0.7491
0.7191
0.6936
0.6748
0.6638
0.6492
0.6282
0.6089
0.5841
0.5502
0.5203
0.4988
0.4832
0.4638
0.4492
0.4282
0.3948
0.3683
0.3548
0.3344
0.3296
0.3368
