0.2000
0.2000
0.2000
0.2000
0.2000
0.2000
0.2000
0.2000
0.2000
0.2000
0.2000
0.2000
0.2000
0.2000
0.2000
0.2000
0.2000
0.2000
0.2000
0.2000
0.2000
0.2000
0.2000
0.2000
0.2245
0.2396
0.2524
0.2709
0.2999
0.3342
0.3633
0.3829
0.4069
0.4263
0.4418
0.4609
0.4839
0.4961
0.5110
0.5283
0.5519
0.5814
0.6140
0.6402
0.6616
0.6824
0.7038
0.7194
0.7343
0.7524
0.7760
0.8002
0.8261
0.8556
0.8770
0.8995
0.9221
0.9400
0.9525
0.9681
0.9825
0.9979
1.0145
1.0304
1.0444
1.0576
1.0740
1.0862
1.0972
1.1106
1.1243
1.1382
1.1490
1.1571
1.1673
1.1771
1.1882
1.1972
1.2052
1.2122
1.2192
1.2258
1.2322
1.2369
1.2392
1.2415
1.2436
1.2448
1.2447
1.2429
1.2393
1.2340
1.2275
1.2181
1.2099
1.2011
1.1894
1.1761
1.1686
1.1609
1.1522
1.1391
1.1257
1.1137
1.1019
1.0878
1.0682
1.0469
1.0206
0.9892
0.9610
0.9315
0.9051
0.8813
0.8558
0.8247
0.7978
0.7680
0.7430
0.7113
0.6958
0.6813
0.6606
0.6305
0.6079
0.5831
0.5495
0.5132
0.4923
0.4872
0.4689
0.4384
0.4022
0.3619
0.3400
0.3260
0.3105
0.2925
0.2655
0.2334
0.2025
0.2000
0.2000
0.2000
0.2000
0.2000
0.2000
0.2000
0.2000
0.2000
0.2000
0.2000
0.2000
