0.2000
0.2000
0.2000
0.2000
0.2000
0.2000
0.2000
0.2000
0.2000
0.2000
0.2000
0.2074
0.2323
0.2493
0.2675
0.2857
0.3048
0.3239
0.3437
0.3651
0.3897
0.4104
0.4285
0.4385
0.4482
0.4634
0.4829
0.5025
0.5193
0.5365
0.5571
0.5786
0.5920
0.6101
0.6284
0.6516
0.6718
0.6927
0.7107
0.7243
0.7349
0.7462
0.7686
0.7844
0.7991
0.8174
0.8322
0.8497
0.8661
0.8869
0.9042
0.9183
0.9324
0.9467
0.9628
0.9808
1.0007
1.0187
1.0388
1.0594
1.0792
1.0988
1.1219
1.1380
1.1490
1.1599
1.1676
1.1757
1.1824
1.1925
1.2032
1.2103
1.2153
1.2199
1.2257
1.2291
1.2329
1.2364
1.2404
1.2432
1.2447
1.2449
1.2441
1.2422
1.2397
1.2370
1.2329
1.2286
1.2248
1.2218
1.2183
1.2117
1.2033
1.1941
1.1848
1.1746
1.1633
1.1517
1.1392
1.1285
1.1149
1.0963
1.0748
1.0544
1.0318
1.0056
0.9784
0.9502
0.9210
0.8891
0.8614
0.8415
0.8242
0.7983
0.7716
0.7354
0.7031
0.6666
0.6308
0.5922
0.5460
0.5075
0.4671
0.4248
0.3753
0.3179
0.2563
0.2000
0.2000
0.2000
0.2000
0.2000
0.2000
0.2000
0.2000
0.2000
0.2000
0.2000
0.2000
0.2000
0.2000
0.2000
0.2000
0.2000
0.2000
0.2000
0.2000
0.2000
0.2000
0.2000
0.2000
0.2000
0.2000
