0.2000
0.2000
0.2000
0.2000
0.2000
0.2000
0.2000
0.2000
0.2000
0.2000
0.2000
0.2000
0.2000
0.2000
0.2000
0.2000
0.2000
0.2000
0.2000
0.2000
0.2000
0.2000
0.2000
0.2040
0.2320
0.2605
0.2896
0.3028
0.3159
0.3370
0.3646
0.3910
0.4102
0.4295
0.4477
0.4715
0.5015
0.5389
0.5740
0.6026
0.6300
0.6596
0.6714
0.6806
0.6920
0.7031
0.7249
0.7369
0.7524
0.7703
0.7831
0.7985
0.8186
0.8408
0.8640
0.8926
0.9216
0.9499
0.9788
0.9997
1.0198
1.0414
1.0631
1.0862
1.1007
1.1104
1.1222
1.1329
1.1486
1.1667
1.1828
1.1962
1.2072
1.2152
1.2223
1.2286
1.2322
1.2349
1.2389
1.2422
1.2442
1.2450
1.2447
1.2439
1.2420
1.2400
1.2376
1.2351
1.2311
1.2261
1.2200
1.2119
1.2022
1.1894
1.1746
1.1615
1.1505
1.1414
1.1282
1.1108
1.0915
1.0687
1.0438
1.0155
0.9837
0.9582
0.9458
0.9349
0.9198
0.8994
0.8692
0.8471
0.8378
0.8252
0.8041
0.7756
0.7464
0.7158
0.6829
0.6489
0.6049
0.5678
0.5323
0.4949
0.4660
0.4526
0.4421
0.4365
0.4331
0.4209
0.3999
0.3749
0.3421
0.2966
0.2470
0.2228
0.2129
0.2034
0.2004
0.2000
0.2000
0.2000
0.2000
0.2000
0.2000
0.2000
0.2000
0.2000
0.2000
0.2000
0.2000
0.2000
0.2000
