0.2000
0.2000
0.2000
0.2000
0.2000
0.2000
0.2000
0.2000
0.2000
0.2000
0.2000
0.2000
0.2000
0.2000
0.2000
0.2000
0.2000
0.2000
0.2000
0.2000
0.2000
0.2000
0.2008
0.2237
0.2511
0.2711
0.2947
0.3265
0.3582
0.3814
0.3933
0.4140
0.4410
0.4641
0.4619
0.4641
0.4664
0.4701
0.4787
0.4971
0.5244
0.5516
0.5847
0.6198
0.6525
0.6770
0.7027
0.7264
0.7505
0.7741
0.7919
0.8096
0.8291
0.8509
0.8745
0.8932
0.9096
0.9305
0.9486
0.9610
0.9759
0.9930
1.0084
1.0248
1.0403
1.0543
1.0682
1.0779
1.0867
1.0988
1.1120
1.1257
1.1390
1.1469
1.1579
1.1718
1.1852
1.1994
1.2076
1.2153
1.2238
1.2322
1.2381
1.2426
1.2448
1.2448
1.2432
1.2411
1.2378
1.2336
1.2281
1.2198
1.2104
1.2034
1.1984
1.1928
1.1857
1.1773
1.1655
1.1510
1.1345
1.1187
1.1049
1.0952
1.0870
1.0798
1.0682
1.0497
1.0272
1.0040
0.9804
0.9509
0.9235
0.9042
0.8840
0.8561
0.8263
0.7920
0.7531
0.7140
0.6754
0.6286
0.5773
0.5189
0.4638
0.4244
0.3839
0.3360
0.3118
0.2826
0.2525
0.2155
0.2000
0.2000
0.2000
0.2000
0.2000
0.2000
0.2000
0.2000
0.2000
0.2000
0.2000
0.2000
0.2000
0.2000
0.2000
0.2000
0.2000
0.2000
0.2000
0.2000
