0.2000
0.2000
0.2000
0.2000
0.2000
0.2000
0.2000
0.2000
0.2000
0.2000
0.2000
0.2000
0.2000
0.2045
0.2179
0.2422
0.2714
0.3079
0.3218
0.3203
0.3195
0.3182
0.3216
0.3370
0.3575
0.3778
0.3923
0.4059
0.4248
0.4343
0.4490
0.4728
0.4957
0.5210
0.5533
0.5852
0.6212
0.6569
0.6900
0.7159
0.7334
0.7522
0.7703
0.7890
0.8041
0.8170
0.8263
0.8392
0.8524
0.8702
0.8907
0.9085
0.9283
0.9471
0.9621
0.9786
0.9966
1.0153
1.0335
1.0530
1.0684
1.0843
1.1016
1.1155
1.1243
1.1330
1.1411
1.1525
1.1649
1.1741
1.1828
1.1908
1.1995
1.2069
1.2133
1.2183
1.2236
1.2277
1.2323
1.2371
1.2406
1.2431
1.2445
1.2450
1.2443
1.2425
1.2393
1.2347
1.2294
1.2224
1.2155
1.2098
1.2016
1.1920
1.1839
1.1728
1.1597
1.1465
1.1313
1.1170
1.1001
1.0875
1.0682
1.0492
1.0272
1.0034
0.9773
0.9480
0.9208
0.9018
0.8825
0.8561
0.8250
0.8081
0.7892
0.7677
0.7453
0.7200
0.6906
0.6745
0.6466
0.6092
0.5633
0.5239
0.5039
0.4851
0.4730
0.4589
0.4436
0.4244
0.4106
0.3863
0.3528
0.3437
0.3372
0.3187
0.2884
0.2554
0.2163
0.2000
0.2000
0.2000
0.2000
0.2000
0.2000
0.2000
0.2000
0.2000
0.2000
0.2000
0.2000
0.2000
0.2000
