0.2000
0.2000
0.2000
0.2000
0.2000
0.2000
0.2000
0.2000
0.2000
0.2000
0.2000
0.2000
0.2000
0.2000
0.2000
0.2000
0.2000
0.2000
0.2000
0.2000
0.2000
0.2000
0.2000
0.2000
0.2037
0.2200
0.2480
0.2657
0.2852
0.3087
0.3426
0.3788
0.4207
0.4624
0.4981
0.5142
0.5319
0.5411
0.5557
0.5717
0.5854
0.6030
0.6235
0.6507
0.6907
0.7203
0.7440
0.7616
0.7833
0.8022
0.8223
0.8465
0.8766
0.9012
0.9210
0.9455
0.9742
1.0033
1.0316
1.0594
1.0868
1.1122
1.1332
1.1499
1.1617
1.1732
1.1840
1.1947
1.2060
1.2159
1.2252
1.2311
1.2362
1.2404
1.2435
1.2449
1.2445
1.2432
1.2412
1.2375
1.2333
1.2264
1.2214
1.2141
1.2054
1.1942
1.1821
1.1704
1.1542
1.1362
1.1158
1.0914
1.0620
1.0377
1.0048
0.9771
0.9431
0.9154
0.8840
0.8607
0.8263
0.7942
0.7571
0.7194
0.6751
0.6178
0.5661
0.5278
0.5024
0.4755
0.4534
0.4190
0.3882
0.3532
0.3336
0.3089
0.2768
0.2394
0.2000
0.2000
0.2000
0.2000
0.2000
0.2000
0.2000
0.2000
0.2000
0.2000
0.2000
0.2000
0.2000
0.2000
0.2000
0.2000
0.2000
0.2000
0.2000
0.2000
0.2000
0.2000
0.2000
0.2000
0.2000
0.2000
0.2000
0.2000
0.2000
0.2000
0.2000
0.2000
0.2000
0.2000
0.2000
