0.2000
0.2000
0.2000
0.2000
0.2000
0.2000
0.2000
0.2000
0.2000
0.2000
0.2000
0.2000
0.2000
0.2000
0.2000
0.2000
0.2000
0.2000
0.2000
0.2000
0.2000
0.2000
0.2000
0.2124
0.2360
0.2542
0.2691
0.2779
0.2898
0.3105
0.3339
0.3529
0.3760
0.4006
0.4243
0.4305
0.4405
0.4584
0.4834
0.5018
0.5159
0.5319
0.5531
0.5700
0.5880
0.6042
0.6205
0.6388
0.6557
0.6743
0.6980
0.7173
0.7384
0.7618
0.7865
0.8064
0.8255
0.8463
0.8644
0.8783
0.8980
0.9194
0.9425
0.9684
0.9913
1.0118
1.0306
1.0494
1.0675
1.0882
1.1029
1.1152
1.1311
1.1467
1.1599
1.1732
1.1872
1.1976
1.2052
1.2128
1.2187
1.2239
1.2291
1.2345
1.2384
1.2402
1.2423
1.2440
1.2449
1.2446
1.2426
1.2392
1.2343
1.2282
1.2214
1.2137
1.2047
1.1941
1.1826
1.1740
1.1648
1.1521
1.1359
1.1173
1.0939
1.0687
1.0444
1.0244
0.9991
0.9710
0.9445
0.9260
0.9112
0.8963
0.8840
0.8689
0.8502
0.8223
0.7856
0.7674
0.7491
0.7265
0.7082
0.6903
0.6713
0.6559
0.6402
0.6155
0.5827
0.5509
0.5595
0.5698
0.5787
0.5827
0.5871
0.5794
0.5619
0.5387
0.5114
0.4759
0.4399
0.4037
0.3769
0.3332
0.2884
0.2512
0.2000
0.2000
0.2000
0.2000
0.2000
0.2000
0.2000
