0.2000
0.2000
0.2000
0.2000
0.2000
0.2000
0.2000
0.2000
0.2000
0.2000
0.2000
0.2000
0.2000
0.2000
0.2000
0.2000
0.2000
0.2000
0.2000
0.2000
0.2048
0.2161
0.2239
0.2333
0.2443
0.2602
0.2833
0.3144
0.3352
0.3495
0.3641
0.3832
0.4059
0.4293
0.4535
0.4745
0.4949
0.5176
0.5232
0.5370
0.5645
0.5918
0.6101
0.6316
0.6587
0.6725
0.6813
0.6891
0.6954
0.7054
0.7192
0.7349
0.7554
0.7846
0.8059
0.8225
0.8445
0.8601
0.8781
0.8958
0.9116
0.9310
0.9488
0.9619
0.9800
0.9999
1.0202
1.0397
1.0631
1.0859
1.1097
1.1297
1.1453
1.1601
1.1718
1.1845
1.1979
1.2103
1.2209
1.2302
1.2368
1.2416
1.2444
1.2448
1.2429
1.2406
1.2373
1.2341
1.2284
1.2215
1.2130
1.2014
1.1891
1.1744
1.1599
1.1444
1.1285
1.1156
1.1016
1.0884
1.0724
1.0530
1.0317
1.0078
0.9825
0.9552
0.9233
0.8934
0.8642
0.8297
0.7837
0.7424
0.7146
0.6853
0.6450
0.6045
0.5674
0.5274
0.4843
0.4626
0.4240
0.3804
0.3324
0.2764
0.2060
0.2000
0.2000
0.2000
0.2000
0.2000
0.2000
0.2000
0.2000
0.2000
0.2000
0.2000
0.2000
0.2000
0.2000
0.2000
0.2000
0.2000
0.2000
0.2000
0.2000
0.2000
0.2000
0.2000
0.2000
0.2000
0.2000
0.2000
0.2000
