0.2000
0.2000
0.2000
0.2000
0.2000
0.2000
0.2000
0.2000
0.2000
0.2000
0.2000
0.2000
0.2000
0.2000
0.2000
0.2000
0.2056
0.2208
0.2252
0.2250
0.2284
0.2396
0.2540
0.2717
0.2779
0.2753
0.2644
0.2600
0.2610
0.2696
0.2914
0.3069
0.3249
0.3485
0.3730
0.3897
0.4034
0.4137
0.4180
0.4293
0.4537
0.4863
0.5040
0.5166
0.5314
0.5459
0.5660
0.5871
0.6163
0.6466
0.6723
0.6987
0.7269
0.7513
0.7749
0.8029
0.8332
0.8615
0.8810
0.8964
0.9102
0.9268
0.9417
0.9527
0.9702
0.9900
1.0140
1.0388
1.0534
1.0685
1.0816
1.0875
1.1022
1.1186
1.1295
1.1408
1.1542
1.1616
1.1717
1.1823
1.1923
1.2011
1.2109
1.2193
1.2257
1.2305
1.2356
1.2397
1.2425
1.2443
1.2449
1.2448
1.2441
1.2425
1.2397
1.2354
1.2301
1.2251
1.2185
1.2109
1.2022
1.1948
1.1878
1.1783
1.1671
1.1544
1.1448
1.1295
1.1131
1.1019
1.0905
1.0807
1.0709
1.0565
1.0339
1.0054
0.9915
0.9831
0.9794
0.9696
0.9580
0.9484
0.9324
0.9080
0.8903
0.8801
0.8722
0.8604
0.8477
0.8381
0.8226
0.8119
0.8021
0.7959
0.7915
0.7815
0.7815
0.7865
0.7879
0.7901
0.7923
0.7961
0.7953
0.7923
0.7792
0.7473
0.7238
0.6924
0.6710
0.6502
0.6328
