0.2000
0.2000
0.2000
0.2000
0.2000
0.2000
0.2000
0.2000
0.2000
0.2022
0.2150
0.2357
0.2641
0.2953
0.3313
0.3557
0.3738
0.3865
0.4142
0.4443
0.4794
0.5069
0.5312
0.5504
0.5693
0.5861
0.6110
0.6408
0.6725
0.7023
0.7304
0.7457
0.7654
0.7877
0.8186
0.8447
0.8663
0.8932
0.9230
0.9504
0.9754
0.9997
1.0244
1.0497
1.0599
1.0696
1.0854
1.0985
1.1052
1.1097
1.1137
1.1212
1.1303
1.1417
1.1548
1.1656
1.1775
1.1885
1.2001
1.2106
1.2206
1.2278
1.2315
1.2341
1.2371
1.2401
1.2427
1.2443
1.2450
1.2443
1.2426
1.2407
1.2378
1.2334
1.2279
1.2211
1.2123
1.2047
1.1955
1.1854
1.1709
1.1550
1.1343
1.1134
1.0869
1.0647
1.0474
1.0333
1.0206
0.9969
0.9681
0.9387
0.9072
0.8714
0.8420
0.8092
0.7759
0.7400
0.7013
0.6644
0.6289
0.5992
0.5619
0.5235
0.4748
0.4137
0.3496
0.2896
0.2193
0.2000
0.2000
0.2000
0.2000
0.2000
0.2000
0.2000
0.2000
0.2000
0.2000
0.2000
0.2000
0.2000
0.2000
0.2000
0.2000
0.2000
0.2000
0.2000
0.2000
0.2000
0.2000
0.2000
0.2000
0.2000
0.2000
0.2000
0.2000
0.2000
0.2000
0.2000
0.2000
0.2000
0.2000
0.2000
0.2000
0.2000
0.2000
0.2000
0.2000
0.2000
0.2000
0.2000
0.2000
0.2000
0.2000
0.2000
0.2000
0.2000
0.2000
0.2000
0.2000
0.2000
0.2000
0.2000
0.2000
0.2000
0.2000
0.2000
0.2000
0.2000
0.2000
0.2000
0.2000
0.2000
0.2000
0.2000
0.2000
0.2245
0.2396
0.2524
0.2709
0.2999
0.3342
0.3633
0.3829
0.4069
0.4263
0.4418
0.4609
0.4839
0.4961
0.5110
0.5283
0.5519
0.5814
0.6140
0.6402
0.6616
0.6824
0.7038
0.7194
0.7343
0.7524
0.7760
0.8002
0.8261
0.8556
0.8770
0.8995
0.9221
0.9400
0.9525
0.9681
0.9825
0.9979
1.0145
1.0304
1.0444
1.0576
1.0740
1.0862
1.0972
1.1106
1.1243
1.1382
1.1490
1.1571
1.1673
1.1771
1.1882
1.1972
1.2052
1.2122
1.2192
1.2258
1.2322
1.2369
1.2392
1.2415
1.2436
1.2448
1.2447
1.2429
1.2393
1.2340
1.2275
1.2181
1.2099
1.2011
1.1894
1.1761
1.1686
1.1609
1.1522
1.1391
1.1257
1.1137
1.1019
1.0878
1.0682
1.0469
1.0206
0.9892
0.9610
0.9315
0.9051
0.8813
0.8558
0.8247
0.7978
0.7680
0.7430
0.7113
0.6958
0.6813
0.6606
0.6305
0.6079
0.5831
0.5495
0.5132
0.4923
0.4872
0.4689
0.4384
0.4022
0.3619
0.3400
0.3260
0.3105
0.2925
0.2655
0.2334
0.2025
0.2000
0.2000
0.2000
0.2000
0.2000
0.2000
0.2000
0.2000
0.2000
0.2000
0.2000
0.2000
0.2000
0.2000
0.2000
0.2000
0.2000
0.2000
0.2000
0.2000
0.2000
0.2000
0.2000
0.2003
0.2140
0.2221
0.2294
0.2331
0.2362
0.2456
0.2584
0.2766
0.3017
0.3344
0.3730
0.3849
0.3986
0.4190
0.4495
0.4743
0.4949
0.5244
0.5605
0.5925
0.6166
0.6464
0.6696
0.6891
0.7111
0.7393
0.7705
0.7902
0.7979
0.8125
0.8350
0.8520
0.8671
0.8850
0.9020
0.9186
0.9351
0.9513
0.9727
0.9840
0.9928
1.0036
1.0172
1.0335
1.0535
1.0699
1.0810
1.0954
1.1125
1.1282
1.1429
1.1563
1.1673
1.1797
1.1925
1.2038
1.2149
1.2237
1.2293
1.2334
1.2375
1.2415
1.2438
1.2449
1.2448
1.2444
1.2435
1.2417
1.2390
1.2360
1.2311
1.2245
1.2202
1.2138
1.2053
1.1927
1.1803
1.1661
1.1517
1.1380
1.1272
1.1146
1.0984
1.0835
1.0685
1.0497
1.0307
1.0095
0.9882
0.9625
0.9374
0.9098
0.8798
0.8601
0.8384
0.8132
0.7843
0.7511
0.7253
0.7019
0.6748
0.6357
0.5902
0.5484
0.5225
0.4905
0.4470
0.3975
0.3472
0.2954
0.2377
0.2000
0.2000
0.2000
0.2000
0.2000
0.2000
0.2000
0.2000
0.2000
0.2000
0.2000
0.2000
0.2000
0.2000
0.2000
0.2000
0.2000
0.2000
0.2000
0.2000
0.2000
0.2000
0.2000
0.2000
0.2000
0.2000
0.2000
0.2000
0.2000
0.2000
0.2000
0.2000
0.2000
0.2000
0.2000
0.2000
0.2000
0.2000
0.2000
0.2000
0.2000
0.2000
0.2000
0.2000
0.2000
0.2000
0.2000
0.2000
0.2000
0.2000
0.2048
0.2161
0.2239
0.2333
0.2443
0.2602
0.2833
0.3144
0.3352
0.3495
0.3641
0.3832
0.4059
0.4293
0.4535
0.4745
0.4949
0.5176
0.5232
0.5370
0.5645
0.5918
0.6101
0.6316
0.6587
0.6725
0.6813
0.6891
0.6954
0.7054
0.7192
0.7349
0.7554
0.7846
0.8059
0.8225
0.8445
0.8601
0.8781
0.8958
0.9116
0.9310
0.9488
0.9619
0.9800
0.9999
1.0202
1.0397
1.0631
1.0859
1.1097
1.1297
1.1453
1.1601
1.1718
1.1845
1.1979
1.2103
1.2209
1.2302
1.2368
1.2416
1.2444
1.2448
1.2429
1.2406
1.2373
1.2341
1.2284
1.2215
1.2130
1.2014
1.1891
1.1744
1.1599
1.1444
1.1285
1.1156
1.1016
1.0884
1.0724
1.0530
1.0317
1.0078
0.9825
0.9552
0.9233
0.8934
0.8642
0.8297
0.7837
0.7424
0.7146
0.6853
0.6450
0.6045
0.5674
0.5274
0.4843
0.4626
0.4240
0.3804
0.3324
0.2764
0.2060
0.2000
0.2000
0.2000
0.2000
0.2000
0.2000
0.2000
0.2000
0.2000
0.2000
0.2000
0.2000
0.2000
0.2000
0.2000
0.2000
0.2000
0.2000
0.2000
0.2000
0.2000
0.2000
0.2000
0.2000
0.2000
0.2000
0.2000
0.2000
0.2000
0.2000
0.2000
0.2000
0.2000
0.2000
0.2000
0.2000
0.2000
0.2000
0.2000
0.2000
0.2000
0.2000
0.2000
0.2000
0.2000
0.2000
0.2000
0.2000
0.2000
0.2000
0.2000
0.2040
0.2320
0.2605
0.2896
0.3028
0.3159
0.3370
0.3646
0.3910
0.4102
0.4295
0.4477
0.4715
0.5015
0.5389
0.5740
0.6026
0.6300
0.6596
0.6714
0.6806
0.6920
0.7031
0.7249
0.7369
0.7524
0.7703
0.7831
0.7985
0.8186
0.8408
0.8640
0.8926
0.9216
0.9499
0.9788
0.9997
1.0198
1.0414
1.0631
1.0862
1.1007
1.1104
1.1222
1.1329
1.1486
1.1667
1.1828
1.1962
1.2072
1.2152
1.2223
1.2286
1.2322
1.2349
1.2389
1.2422
1.2442
1.2450
1.2447
1.2439
1.2420
1.2400
1.2376
1.2351
1.2311
1.2261
1.2200
1.2119
1.2022
1.1894
1.1746
1.1615
1.1505
1.1414
1.1282
1.1108
1.0915
1.0687
1.0438
1.0155
0.9837
0.9582
0.9458
0.9349
0.9198
0.8994
0.8692
0.8471
0.8378
0.8252
0.8041
0.7756
0.7464
0.7158
0.6829
0.6489
0.6049
0.5678
0.5323
0.4949
0.4660
0.4526
0.4421
0.4365
0.4331
0.4209
0.3999
0.3749
0.3421
0.2966
0.2470
0.2228
0.2129
0.2034
0.2004
0.2000
0.2000
0.2000
0.2000
0.2000
0.2000
0.2000
0.2000
0.2000
0.2000
0.2000
0.2000
0.2000
0.2000
0.2000
0.2000
0.2000
0.2000
0.2000
0.2000
0.2000
0.2000
0.2000
0.2000
0.2000
0.2000
0.2000
0.2000
0.2000
0.2037
0.2116
0.2134
0.2192
0.2354
0.2618
0.2820
0.2857
0.2888
0.3009
0.3144
0.3241
0.3355
0.3526
0.3705
0.3915
0.4175
0.4393
0.4584
0.4871
0.5171
0.5382
0.5576
0.5693
0.5821
0.5965
0.6208
0.6509
0.6689
0.6867
0.7003
0.7219
0.7440
0.7590
0.7735
0.7915
0.8147
0.8400
0.8644
0.8858
0.9070
0.9210
0.9384
0.9564
0.9778
1.0005
1.0191
1.0373
1.0509
1.0624
1.0756
1.0913
1.1105
1.1301
1.1508
1.1689
1.1842
1.1974
1.2089
1.2176
1.2241
1.2299
1.2352
1.2399
1.2427
1.2445
1.2450
1.2442
1.2424
1.2406
1.2372
1.2328
1.2265
1.2196
1.2109
1.2011
1.1918
1.1808
1.1726
1.1632
1.1462
1.1265
1.1047
1.0831
1.0580
1.0346
1.0093
0.9858
0.9610
0.9333
0.9094
0.8925
0.8712
0.8453
0.8132
0.7798
0.7368
0.6921
0.6530
0.6164
0.5972
0.5743
0.5446
0.5042
0.4492
0.4137
0.3828
0.3572
0.3312
0.3048
0.2809
0.2521
0.2253
0.2000
0.2000
0.2000
0.2000
0.2000
0.2000
0.2000
0.2000
0.2000
0.2000
0.2000
0.2000
0.2000
0.2000
0.2000
0.2000
0.2000
0.2000
0.2000
0.2000
0.2000
0.2000
0.2000
0.2000
0.2000
0.2000
0.2000
0.2000
0.2000
0.2000
0.2000
0.2000
0.2000
0.2000
0.2000
0.2000
0.2000
0.2000
0.2000
0.2000
0.2000
0.2056
0.2208
0.2252
0.2250
0.2284
0.2396
0.2540
0.2717
0.2779
0.2753
0.2644
0.2600
0.2610
0.2696
0.2914
0.3069
0.3249
0.3485
0.3730
0.3897
0.4034
0.4137
0.4180
0.4293
0.4537
0.4863
0.5040
0.5166
0.5314
0.5459
0.5660
0.5871
0.6163
0.6466
0.6723
0.6987
0.7269
0.7513
0.7749
0.8029
0.8332
0.8615
0.8810
0.8964
0.9102
0.9268
0.9417
0.9527
0.9702
0.9900
1.0140
1.0388
1.0534
1.0685
1.0816
1.0875
1.1022
1.1186
1.1295
1.1408
1.1542
1.1616
1.1717
1.1823
1.1923
1.2011
1.2109
1.2193
1.2257
1.2305
1.2356
1.2397
1.2425
1.2443
1.2449
1.2448
1.2441
1.2425
1.2397
1.2354
1.2301
1.2251
1.2185
1.2109
1.2022
1.1948
1.1878
1.1783
1.1671
1.1544
1.1448
1.1295
1.1131
1.1019
1.0905
1.0807
1.0709
1.0565
1.0339
1.0054
0.9915
0.9831
0.9794
0.9696
0.9580
0.9484
0.9324
0.9080
0.8903
0.8801
0.8722
0.8604
0.8477
0.8381
0.8226
0.8119
0.8021
0.7959
0.7915
0.7815
0.7815
0.7865
0.7879
0.7901
0.7923
0.7961
0.7953
0.7923
0.7792
0.7473
0.7238
0.6924
0.6710
0.6502
0.6328
0.2000
0.2000
0.2000
0.2000
0.2000
0.2000
0.2000
0.2000
0.2000
0.2000
0.2000
0.2000
0.2000
0.2000
0.2000
0.2000
0.2000
0.2000
0.2000
0.2000
0.2000
0.2103
0.2320
0.2548
0.2761
0.2999
0.3229
0.3444
0.3621
0.3773
0.3918
0.4107
0.4303
0.4589
0.4853
0.5020
0.5166
0.5358
0.5576
0.5823
0.6133
0.6381
0.6571
0.6739
0.6898
0.7076
0.7295
0.7556
0.7791
0.7998
0.8194
0.8416
0.8624
0.8712
0.8825
0.8994
0.9206
0.9419
0.9605
0.9748
0.9928
1.0094
1.0216
1.0333
1.0460
1.0617
1.0748
1.0925
1.1094
1.1254
1.1400
1.1539
1.1688
1.1801
1.1907
1.2018
1.2117
1.2204
1.2255
1.2318
1.2363
1.2401
1.2426
1.2443
1.2450
1.2444
1.2428
1.2397
1.2346
1.2276
1.2193
1.2094
1.1977
1.1872
1.1749
1.1647
1.1561
1.1430
1.1230
1.1041
1.0837
1.0609
1.0330
1.0032
0.9687
0.9411
0.9098
0.8749
0.8402
0.8027
0.7594
0.7173
0.6742
0.6299
0.5875
0.5471
0.5039
0.4522
0.4145
0.3753
0.3308
0.2689
0.2000
0.2000
0.2000
0.2000
0.2000
0.2000
0.2000
0.2000
0.2000
0.2000
0.2000
0.2000
0.2000
0.2000
0.2000
0.2000
0.2000
0.2000
0.2000
0.2000
0.2000
0.2000
0.2000
0.2000
0.2000
0.2000
0.2000
0.2000
0.2000
0.2000
0.2000
0.2000
0.2000
0.2000
0.2000
0.2000
0.2000
0.2000
0.2000
0.2000
0.2000
0.2000
0.2000
0.2000
0.2000
0.2000
0.2000
0.2000
0.2000
0.2000
0.2000
0.2000
0.2000
0.2000
0.2000
0.2037
0.2200
0.2480
0.2657
0.2852
0.3087
0.3426
0.3788
0.4207
0.4624
0.4981
0.5142
0.5319
0.5411
0.5557
0.5717
0.5854
0.6030
0.6235
0.6507
0.6907
0.7203
0.7440
0.7616
0.7833
0.8022
0.8223
0.8465
0.8766
0.9012
0.9210
0.9455
0.9742
1.0033
1.0316
1.0594
1.0868
1.1122
1.1332
1.1499
1.1617
1.1732
1.1840
1.1947
1.2060
1.2159
1.2252
1.2311
1.2362
1.2404
1.2435
1.2449
1.2445
1.2432
1.2412
1.2375
1.2333
1.2264
1.2214
1.2141
1.2054
1.1942
1.1821
1.1704
1.1542
1.1362
1.1158
1.0914
1.0620
1.0377
1.0048
0.9771
0.9431
0.9154
0.8840
0.8607
0.8263
0.7942
0.7571
0.7194
0.6751
0.6178
0.5661
0.5278
0.5024
0.4755
0.4534
0.4190
0.3882
0.3532
0.3336
0.3089
0.2768
0.2394
0.2000
0.2000
0.2000
0.2000
0.2000
0.2000
0.2000
0.2000
0.2000
0.2000
0.2000
0.2000
0.2000
0.2000
0.2000
0.2000
0.2000
0.2000
0.2000
0.2000
0.2000
0.2000
0.2000
0.2000
0.2000
0.2000
0.2000
0.2000
0.2000
0.2000
0.2000
0.2000
0.2000
0.2000
0.2000
0.2000
0.2000
0.2000
0.2000
0.2000
0.2000
0.2000
0.2000
0.2000
0.2000
0.2000
0.2000
0.2000
0.2000
0.2000
0.2000
0.2053
0.2226
0.2399
0.2623
0.2924
0.3157
0.3234
0.3257
0.3334
0.3439
0.3531
0.3687
0.3804
0.3948
0.4135
0.4293
0.4482
0.4644
0.4711
0.4917
0.5064
0.5273
0.5452
0.5679
0.5934
0.6108
0.6305
0.6493
0.6700
0.6869
0.6980
0.7131
0.7254
0.7425
0.7622
0.7844
0.8102
0.8360
0.8519
0.8644
0.8802
0.9007
0.9243
0.9515
0.9664
0.9795
0.9971
1.0156
1.0309
1.0503
1.0715
1.0907
1.1051
1.1162
1.1279
1.1395
1.1503
1.1620
1.1729
1.1823
1.1922
1.2037
1.2146
1.2212
1.2261
1.2306
1.2332
1.2361
1.2394
1.2425
1.2440
1.2447
1.2449
1.2444
1.2430
1.2396
1.2361
1.2314
1.2255
1.2186
1.2095
1.2013
1.1953
1.1855
1.1723
1.1585
1.1465
1.1326
1.1147
1.0963
1.0869
1.0743
1.0594
1.0476
1.0357
1.0149
0.9864
0.9565
0.9295
0.8954
0.8687
0.8402
0.8062
0.7719
0.7339
0.7167
0.7046
0.6859
0.6732
0.6549
0.6227
0.5790
0.5331
0.4818
0.4244
0.3643
0.3126
0.2739
0.2538
0.2381
0.2155
0.2000
0.2000
0.2000
0.2000
0.2000
0.2000
0.2000
0.2000
0.2000
0.2000
0.2000
0.2000
0.2000
0.2000
0.2000
0.2000
0.2000
0.2000
0.2000
0.2000
0.2000
0.2000
0.2000
0.2000
0.2000
0.2000
0.2000
0.2000
0.2000
0.2000
0.2000
0.2000
0.2000
0.2000
0.2000
0.2000
0.2000
0.2000
0.2000
0.2124
0.2360
0.2542
0.2691
0.2779
0.2898
0.3105
0.3339
0.3529
0.3760
0.4006
0.4243
0.4305
0.4405
0.4584
0.4834
0.5018
0.5159
0.5319
0.5531
0.5700
0.5880
0.6042
0.6205
0.6388
0.6557
0.6743
0.6980
0.7173
0.7384
0.7618
0.7865
0.8064
0.8255
0.8463
0.8644
0.8783
0.8980
0.9194
0.9425
0.9684
0.9913
1.0118
1.0306
1.0494
1.0675
1.0882
1.1029
1.1152
1.1311
1.1467
1.1599
1.1732
1.1872
1.1976
1.2052
1.2128
1.2187
1.2239
1.2291
1.2345
1.2384
1.2402
1.2423
1.2440
1.2449
1.2446
1.2426
1.2392
1.2343
1.2282
1.2214
1.2137
1.2047
1.1941
1.1826
1.1740
1.1648
1.1521
1.1359
1.1173
1.0939
1.0687
1.0444
1.0244
0.9991
0.9710
0.9445
0.9260
0.9112
0.8963
0.8840
0.8689
0.8502
0.8223
0.7856
0.7674
0.7491
0.7265
0.7082
0.6903
0.6713
0.6559
0.6402
0.6155
0.5827
0.5509
0.5595
0.5698
0.5787
0.5827
0.5871
0.5794
0.5619
0.5387
0.5114
0.4759
0.4399
0.4037
0.3769
0.3332
0.2884
0.2512
0.2000
0.2000
0.2000
0.2000
0.2000
0.2000
0.2000
0.2000
0.2000
0.2000
0.2000
0.2000
0.2000
0.2000
0.2000
0.2000
0.2000
0.2000
0.2000
0.2000
0.2000
0.2000
0.2000
0.2000
0.2000
0.2000
0.2000
0.2000
0.2000
0.2008
0.2237
0.2511
0.2711
0.2947
0.3265
0.3582
0.3814
0.3933
0.4140
0.4410
0.4641
0.4619
0.4641
0.4664
0.4701
0.4787
0.4971
0.5244
0.5516
0.5847
0.6198
0.6525
0.6770
0.7027
0.7264
0.7505
0.7741
0.7919
0.8096
0.8291
0.8509
0.8745
0.8932
0.9096
0.9305
0.9486
0.9610
0.9759
0.9930
1.0084
1.0248
1.0403
1.0543
1.0682
1.0779
1.0867
1.0988
1.1120
1.1257
1.1390
1.1469
1.1579
1.1718
1.1852
1.1994
1.2076
1.2153
1.2238
1.2322
1.2381
1.2426
1.2448
1.2448
1.2432
1.2411
1.2378
1.2336
1.2281
1.2198
1.2104
1.2034
1.1984
1.1928
1.1857
1.1773
1.1655
1.1510
1.1345
1.1187
1.1049
1.0952
1.0870
1.0798
1.0682
1.0497
1.0272
1.0040
0.9804
0.9509
0.9235
0.9042
0.8840
0.8561
0.8263
0.7920
0.7531
0.7140
0.6754
0.6286
0.5773
0.5189
0.4638
0.4244
0.3839
0.3360
0.3118
0.2826
0.2525
0.2155
0.2000
0.2000
0.2000
0.2000
0.2000
0.2000
0.2000
0.2000
0.2000
0.2000
0.2000
0.2000
0.2000
0.2000
0.2000
0.2000
0.2000
0.2000
0.2000
0.2000
0.2000
0.2000
0.2000
0.2000
0.2000
0.2000
0.2000
0.2000
0.2000
0.2000
0.2000
0.2000
0.2216
0.2524
0.2932
0.3298
0.3403
0.3549
0.3738
0.3996
0.4305
0.4646
0.5008
0.5365
0.5710
0.5984
0.6268
0.6644
0.6806
0.6927
0.7034
0.7144
0.7330
0.7552
0.7772
0.7919
0.8129
0.8398
0.8698
0.8954
0.9042
0.9164
0.9341
0.9501
0.9600
0.9731
0.9872
1.0039
1.0227
1.0427
1.0630
1.0829
1.0994
1.1145
1.1316
1.1485
1.1583
1.1686
1.1771
1.1851
1.1922
1.1985
1.2035
1.2089
1.2150
1.2221
1.2299
1.2352
1.2385
1.2420
1.2436
1.2448
1.2448
1.2434
1.2417
1.2386
1.2332
1.2258
1.2178
1.2083
1.1968
1.1879
1.1776
1.1672
1.1579
1.1480
1.1345
1.1210
1.1044
1.0842
1.0599
1.0368
1.0080
0.9843
0.9606
0.9394
0.9094
0.8751
0.8378
0.7997
0.7508
0.6924
0.6466
0.6214
0.5912
0.5464
0.5046
0.4615
0.4175
0.3847
0.3552
0.3114
0.2647
0.2038
0.2000
0.2000
0.2000
0.2000
0.2000
0.2000
0.2000
0.2000
0.2000
0.2000
0.2000
0.2000
0.2000
0.2000
0.2000
0.2000
0.2000
0.2000
0.2000
0.2000
0.2000
0.2000
0.2000
0.2000
0.2000
0.2000
0.2000
0.2000
0.2000
0.2000
0.2000
0.2000
0.2000
0.2000
0.2000
0.2000
0.2000
0.2000
0.2000
0.2000
0.2000
0.2000
0.2000
0.2000
0.2000
0.2000
0.2000
0.2074
0.2323
0.2493
0.2675
0.2857
0.3048
0.3239
0.3437
0.3651
0.3897
0.4104
0.4285
0.4385
0.4482
0.4634
0.4829
0.5025
0.5193
0.5365
0.5571
0.5786
0.5920
0.6101
0.6284
0.6516
0.6718
0.6927
0.7107
0.7243
0.7349
0.7462
0.7686
0.7844
0.7991
0.8174
0.8322
0.8497
0.8661
0.8869
0.9042
0.9183
0.9324
0.9467
0.9628
0.9808
1.0007
1.0187
1.0388
1.0594
1.0792
1.0988
1.1219
1.1380
1.1490
1.1599
1.1676
1.1757
1.1824
1.1925
1.2032
1.2103
1.2153
1.2199
1.2257
1.2291
1.2329
1.2364
1.2404
1.2432
1.2447
1.2449
1.2441
1.2422
1.2397
1.2370
1.2329
1.2286
1.2248
1.2218
1.2183
1.2117
1.2033
1.1941
1.1848
1.1746
1.1633
1.1517
1.1392
1.1285
1.1149
1.0963
1.0748
1.0544
1.0318
1.0056
0.9784
0.9502
0.9210
0.8891
0.8614
0.8415
0.8242
0.7983
0.7716
0.7354
0.7031
0.6666
0.6308
0.5922
0.5460
0.5075
0.4671
0.4248
0.3753
0.3179
0.2563
0.2000
0.2000
0.2000
0.2000
0.2000
0.2000
0.2000
0.2000
0.2000
0.2000
0.2000
0.2000
0.2000
0.2000
0.2000
0.2000
0.2000
0.2000
0.2000
0.2000
0.2000
0.2000
0.2000
0.2000
0.2000
0.2000
0.2000
0.2000
0.2000
0.2000
0.2000
0.2000
0.2000
0.2000
0.2000
0.2000
0.2000
0.2000
0.2000
0.2045
0.2179
0.2422
0.2714
0.3079
0.3218
0.3203
0.3195
0.3182
0.3216
0.3370
0.3575
0.3778
0.3923
0.4059
0.4248
0.4343
0.4490
0.4728
0.4957
0.5210
0.5533
0.5852
0.6212
0.6569
0.6900
0.7159
0.7334
0.7522
0.7703
0.7890
0.8041
0.8170
0.8263
0.8392
0.8524
0.8702
0.8907
0.9085
0.9283
0.9471
0.9621
0.9786
0.9966
1.0153
1.0335
1.0530
1.0684
1.0843
1.1016
1.1155
1.1243
1.1330
1.1411
1.1525
1.1649
1.1741
1.1828
1.1908
1.1995
1.2069
1.2133
1.2183
1.2236
1.2277
1.2323
1.2371
1.2406
1.2431
1.2445
1.2450
1.2443
1.2425
1.2393
1.2347
1.2294
1.2224
1.2155
1.2098
1.2016
1.1920
1.1839
1.1728
1.1597
1.1465
1.1313
1.1170
1.1001
1.0875
1.0682
1.0492
1.0272
1.0034
0.9773
0.9480
0.9208
0.9018
0.8825
0.8561
0.8250
0.8081
0.7892
0.7677
0.7453
0.7200
0.6906
0.6745
0.6466
0.6092
0.5633
0.5239
0.5039
0.4851
0.4730
0.4589
0.4436
0.4244
0.4106
0.3863
0.3528
0.3437
0.3372
0.3187
0.2884
0.2554
0.2163
0.2000
0.2000
0.2000
0.2000
0.2000
0.2000
0.2000
0.2000
0.2000
0.2000
0.2000
0.2000
0.2000
0.2000
0.2000
0.2000
0.2000
0.2000
0.2000
0.2000
0.2000
0.2000
0.2000
0.2000
0.2000
0.2000
0.2000
0.2000
0.2000
0.2000
0.2000
0.2000
0.2000
0.2000
0.2000
0.2000
0.2092
0.2226
0.2388
0.2610
0.2898
0.3223
0.3488
0.3712
0.4039
0.4378
0.4661
0.4863
0.5071
0.5266
0.5275
0.5358
0.5483
0.5660
0.5906
0.6254
0.6553
0.6768
0.7000
0.7234
0.7485
0.7716
0.7823
0.7894
0.8008
0.8182
0.8376
0.8538
0.8687
0.8859
0.9010
0.9206
0.9366
0.9537
0.9678
0.9798
0.9928
1.0029
1.0145
1.0309
1.0448
1.0585
1.0710
1.0870
1.1021
1.1186
1.1331
1.1448
1.1570
1.1668
1.1766
1.1830
1.1882
1.1962
1.2041
1.2128
1.2221
1.2284
1.2337
1.2379
1.2405
1.2427
1.2443
1.2449
1.2447
1.2436
1.2409
1.2376
1.2340
1.2284
1.2235
1.2171
1.2079
1.2007
1.1942
1.1869
1.1795
1.1700
1.1596
1.1453
1.1358
1.1282
1.1160
1.1053
1.0903
1.0680
1.0502
1.0320
1.0149
1.0013
0.9880
0.9729
0.9541
0.9360
0.9166
0.9025
0.8808
0.8574
0.8323
0.8051
0.7781
0.7491
0.7191
0.6936
0.6748
0.6638
0.6492
0.6282
0.6089
0.5841
0.5502
0.5203
0.4988
0.4832
0.4638
0.4492
0.4282
0.3948
0.3683
0.3548
0.3344
0.3296
0.3368
