9.3
11.6
14.9
17.3
14.8
16.4
16.7
17.0
10.2
8.4
5.8
11.4
15.4
17.9
20.8
19.8
10.4
8.1
9.9
15.6
17.2
18.5
18.9
20.8
21.8
18.3
18.8
21.4
16.5
14.8
8.5
11.2
16.2
17.5
19.1
14.5
16.6
18.5
21.4
17.0
12.7
12.6
15.1
17.6
13.4
12.8
11.7
14.6
13.7
16.5
17.9
19.3
19.0
15.6
20.1
20.8
17.1
16.5
15.6
14.7
15.6
17.2
12.4
11.3
14.7
19.2
23.6
21.7
17.8
19.5
18.6
19.6
20.7
23.2
15.3
17.0
19.5
22.2
20.6
20.2
20.7
17.9
15.9
16.8
15.8
16.5
17.0
16.5
18.2
19.0
21.4
20.2
21.4
21.5
19.0
17.3
16.6
20.3
21.4
20.5
23.4
26.3
20.2
17.2
14.2
18.6
19.9
19.5
22.7
17.9
13.2
15.6
15.4
19.9
20.8
14.4
13.6
15.9
8.2
13.1
17.2
15.5
14.6
14.5
13.2
10.9
8.9
11.5
14.5
18.0
19.1
14.8
13.7
11.3
10.0
3.4
5.2
6.2
7.0
8.6
5.2
7.2
7.0
9.2
3.2
5.7
7.5
11.1
12.3
5.7
4.5
3.3
