10.8
12.1
11.8
14.5
15.3
12.9
10.5
7.3
4.1
9.8
9.9
8.4
7.8
10.6
14.5
15.9
13.4
10.0
6.8
5.4
6.1
8.8
13.0
14.2
14.2
16.3
15.8
14.7
12.1
10.8
11.6
13.2
14.0
14.8
14.6
15.5
13.1
12.0
14.2
17.9
19.0
18.8
17.0
10.3
8.5
13.3
14.8
16.5
16.9
17.5
12.9
17.0
19.2
15.7
9.1
13.7
16.5
18.1
17.9
17.6
15.9
17.3
16.0
12.3
14.3
15.8
15.4
18.9
21.0
20.8
17.9
18.4
21.3
20.8
20.7
20.6
23.7
20.8
15.5
21.0
20.0
21.3
18.3
17.7
20.1
18.1
19.2
20.4
21.7
22.5
21.2
22.6
22.5
19.0
20.2
19.9
14.1
16.0
20.1
23.4
19.4
20.4
24.5
22.1
23.9
22.1
19.9
21.7
21.4
21.2
22.5
22.0
22.0
21.0
19.0
18.9
17.5
19.3
17.4
15.7
18.8
21.6
23.0
24.3
19.8
23.4
24.4
22.2
15.9
21.8
12.5
10.8
14.0
19.4
17.1
15.5
14.5
14.6
15.5
13.1
11.1
11.2
8.3
8.8
8.7
14.6
15.7
14.5
15.3
18.2
19.2
17.3
12.5
