6.6
10.9
6.7
8.7
10.3
8.3
9.3
8.5
8.3
9.7
13.0
14.9
12.7
10.9
10.7
12.1
9.3
10.1
9.5
12.1
13.5
13.0
11.6
5.7
8.7
7.2
5.2
8.0
8.7
9.8
10.7
12.5
9.8
12.5
11.8
16.4
12.8
10.4
10.2
11.9
14.8
12.0
13.8
14.3
15.2
10.8
9.8
12.3
12.7
13.2
15.4
16.8
17.9
18.2
13.8
13.3
12.0
15.5
20.0
19.7
16.7
15.6
18.2
19.0
16.8
18.9
19.7
21.9
17.5
17.7
15.3
16.2
17.3
17.5
17.3
16.5
18.3
20.2
22.7
21.1
16.3
16.3
13.7
14.5
17.4
17.3
17.0
15.5
16.5
18.6
17.6
20.3
17.6
18.7
18.7
17.2
17.9
18.8
15.8
17.3
17.6
17.3
15.8
16.3
19.4
19.5
14.8
14.0
17.2
13.1
14.1
14.3
19.1
23.1
22.3
21.2
19.4
16.9
19.8
19.2
19.9
16.2
10.1
11.5
11.5
10.9
15.4
17.6
17.8
19.0
16.5
17.0
17.0
16.8
13.6
11.5
12.5
15.0
16.7
14.6
13.5
9.1
9.5
15.0
19.3
22.4
20.3
18.8
15.6
16.4
11.1
9.3
17.5
