11.6
14.9
18.5
19.0
14.9
13.8
15.9
16.5
6.4
7.1
8.8
5.5
5.8
8.2
10.0
12.3
16.2
18.0
12.5
6.2
5.5
6.4
7.2
10.6
12.4
13.5
13.5
12.5
13.9
10.0
12.2
16.0
16.4
17.9
20.3
18.4
21.3
24.6
19.9
19.2
15.1
14.9
14.6
16.1
12.9
12.4
13.1
13.6
14.9
14.8
17.2
16.1
17.7
19.4
16.2
14.5
16.1
17.3
17.7
18.8
19.1
17.9
19.6
21.4
16.6
14.9
13.0
16.9
17.7
18.3
15.6
14.9
15.6
15.1
15.4
14.9
14.1
15.6
17.2
19.9
20.5
20.6
17.6
19.6
19.8
19.8
18.6
18.8
19.5
20.4
20.7
15.9
16.0
18.6
13.3
17.1
19.0
17.1
18.4
18.0
16.8
14.7
17.8
18.0
19.0
18.3
19.7
21.3
18.6
12.8
14.1
18.0
21.6
18.3
13.8
13.9
11.1
15.3
19.6
11.8
16.7
19.7
21.5
20.0
16.4
14.3
9.2
11.2
13.1
13.7
12.8
13.1
18.3
7.8
5.7
8.0
12.1
14.2
16.4
16.9
14.6
11.9
9.3
9.2
7.6
12.1
11.6
11.7
16.7
16.0
11.4
10.0
13.8
