4.1
6.9
9.6
10.9
10.1
10.6
6.4
6.4
7.7
8.7
9.9
8.2
5.6
6.2
6.3
13.2
18.6
6.9
10.8
3.5
8.4
9.6
13.5
15.5
14.5
16.0
17.0
16.0
18.7
21.6
16.3
10.6
11.2
13.9
15.2
7.6
3.6
5.7
6.5
8.2
11.2
14.8
16.2
18.9
18.0
18.6
18.0
17.1
15.9
16.0
17.2
13.9
9.5
13.8
16.8
19.2
15.8
15.0
18.9
16.5
14.8
14.1
15.9
15.1
16.7
16.5
15.2
14.9
14.3
12.4
14.8
16.3
18.0
14.8
12.6
15.1
19.4
19.2
20.8
17.4
16.8
18.0
20.2
19.9
20.2
20.7
19.6
18.7
14.5
14.8
16.9
16.4
20.5
20.0
14.7
11.2
12.1
14.3
13.9
14.8
16.6
17.7
18.4
15.0
12.1
12.2
9.4
11.6
14.8
17.7
16.6
16.6
20.2
20.3
16.6
14.9
17.2
16.1
17.4
18.3
16.9
16.2
18.2
19.1
20.7
20.2
16.6
15.8
15.7
12.9
13.3
14.4
14.9
12.7
16.5
14.1
13.3
15.9
20.0
18.6
16.3
19.1
10.4
10.5
16.9
20.7
21.5
15.5
16.9
8.1
10.2
13.4
7.9
