14.3
6.8
1.3
4.6
5.3
1.4
3.4
9.1
8.9
5.6
5.8
9.0
10.3
12.3
11.9
9.6
10.9
12.9
9.8
12.7
16.0
18.1
20.0
17.8
15.6
15.5
15.5
12.6
12.4
15.1
13.4
13.9
14.0
13.2
16.2
9.3
10.2
13.0
15.0
14.8
12.0
11.7
14.6
13.0
9.9
11.3
11.2
10.2
11.5
12.4
18.1
15.3
16.2
16.9
17.4
16.8
13.6
16.1
16.3
15.3
16.4
18.8
20.2
20.8
21.1
21.8
21.2
18.3
19.8
23.1
19.2
16.6
19.5
21.1
18.8
20.2
20.9
21.5
17.7
22.5
16.4
15.9
17.2
19.0
16.2
17.1
15.8
17.5
19.8
21.6
21.8
21.8
20.8
19.9
19.3
18.9
18.3
20.7
19.2
18.8
16.2
17.6
19.4
20.3
22.5
19.2
19.0
18.9
19.5
20.3
19.4
14.3
12.4
10.8
9.6
13.1
14.8
17.1
20.3
15.0
15.4
17.0
14.0
15.2
14.5
9.2
11.3
13.3
15.4
17.6
6.8
2.8
2.5
4.1
6.3
7.1
8.9
12.2
15.1
16.1
18.1
19.2
14.9
15.0
18.4
18.2
19.1
16.8
16.7
8.1
9.7
13.8
11.7
