0.0
0.0
0.0
0.0
0.5
0.0
0.0
5.6
6.9
0.0
0.0
5.6
0.0
0.0
0.0
0.0
0.0
0.0
3.4
8.4
10.7
12.8
3.5
0.1
0.0
0.5
0.0
0.0
0.1
10.3
0.0
0.0
0.1
0.0
0.0
0.0
0.0
0.0
0.0
0.0
0.0
4.4
0.0
0.0
0.7
0.0
1.2
0.0
1.4
0.0
0.0
0.3
0.0
0.0
3.2
3.9
0.0
0.0
0.8
0.0
7.0
0.0
0.0
0.0
0.0
0.0
0.2
0.0
0.0
0.0
0.0
8.5
12.9
27.5
0.3
11.8
0.8
0.4
4.4
0.1
0.0
0.0
11.8
0.0
0.0
0.0
1.3
0.9
23.8
0.1
0.0
0.7
0.0
0.0
6.8
0.0
0.0
1.0
11.1
5.0
3.7
5.9
3.6
0.3
0.0
0.6
0.5
0.1
0.0
4.2
0.0
0.0
0.0
0.0
0.9
0.0
0.2
0.0
0.0
0.0
2.2
0.0
0.0
0.0
0.0
0.0
0.0
0.0
0.0
0.0
2.6
0.3
0.0
12.4
1.1
0.1
0.0
0.0
0.0
0.0
0.0
0.0
0.0
0.0
7.6
0.0
0.0
0.0
0.1
0.0
0.0
0.0
0.1
