0.0
0.9
0.0
0.0
0.0
0.0
0.1
0.4
0.2
0.0
0.0
0.0
0.0
6.1
2.3
3.7
0.5
0.1
0.0
0.0
0.0
0.0
0.0
0.0
0.0
0.0
0.0
1.2
4.3
9.4
0.0
0.1
1.6
1.0
0.0
0.0
0.0
0.0
0.1
0.1
0.0
0.0
3.2
0.0
0.5
0.0
0.0
4.3
0.0
0.0
0.0
0.0
0.0
10.5
0.0
0.0
0.0
0.0
0.0
0.5
1.1
0.0
0.0
0.0
11.6
3.8
0.1
0.0
0.1
0.0
0.0
0.0
0.1
0.0
0.0
0.1
4.3
16.4
0.0
0.0
0.0
0.0
0.0
0.1
0.0
0.0
0.0
0.9
0.0
0.0
0.0
0.0
0.0
0.0
0.0
0.0
0.0
1.3
0.0
0.0
0.0
0.0
0.0
0.0
0.0
0.2
1.8
0.4
0.2
3.6
0.0
0.0
6.5
0.6
0.0
0.0
0.0
0.0
0.0
0.0
0.0
0.0
0.0
0.0
0.0
1.6
5.1
31.1
0.5
0.4
0.1
0.0
0.0
0.0
0.0
0.0
0.2
3.2
4.1
0.1
0.0
0.0
0.0
5.7
0.0
0.0
0.0
0.0
0.0
0.0
0.0
0.0
0.0
