0.2000
0.2000
0.2000
0.2000
0.2000
0.2000
0.2000
0.2000
0.2000
0.2000
0.2000
0.2000
0.2000
0.2000
0.2000
0.2000
0.2000
0.2000
0.2000
0.2000
0.2000
0.2176
0.2568
0.2901
0.3175
0.3444
0.3712
0.3905
0.4092
0.4345
0.4555
0.4775
0.4996
0.5195
0.5466
0.5569
0.5693
0.5882
0.6117
0.6344
0.6505
0.6657
0.6873
0.7051
0.7159
0.7297
0.7432
0.7543
0.7682
0.7837
0.8109
0.8318
0.8540
0.8772
0.9007
0.9225
0.9380
0.9576
0.9770
0.9941
1.0126
1.0341
1.0567
1.0791
1.1006
1.1216
1.1404
1.1547
1.1696
1.1860
1.1976
1.2061
1.2156
1.2247
1.2312
1.2369
1.2413
1.2440
1.2449
1.2443
1.2427
1.2404
1.2368
1.2313
1.2259
1.2190
1.2119
1.2026
1.1900
1.1739
1.1554
1.1346
1.1130
1.0908
1.0677
1.0437
1.0191
0.9882
0.9585
0.9279
0.9018
0.8712
0.8344
0.7934
0.7438
0.7016
0.6581
0.6132
0.5643
0.5107
0.4582
0.4232
0.3948
0.3722
0.3540
0.3215
0.2813
0.2304
0.2000
0.2000
0.2000
0.2000
0.2000
0.2000
0.2000
0.2000
0.2000
0.2000
0.2000
0.2000
0.2000
0.2000
0.2000
0.2000
0.2000
0.2000
0.2000
0.2000
0.2000
0.2000
0.2000
0.2000
0.2000
0.2000
0.2000
0.2000
0.2000
0.2000
0.2000
0.2000
0.2000
0.2000
0.2000
