0.2000
0.2000
0.2000
0.2000
0.2000
0.2000
0.2000
0.2000
0.2000
0.2000
0.2000
0.2000
0.2000
0.2000
0.2000
0.2000
0.2000
0.2000
0.2000
0.2003
0.2048
0.2205
0.2488
0.2691
0.2875
0.3030
0.3231
0.3447
0.3740
0.4054
0.4308
0.4644
0.5062
0.5464
0.5771
0.6063
0.6323
0.6459
0.6582
0.6784
0.7029
0.7288
0.7580
0.7915
0.8143
0.8388
0.8640
0.8888
0.9131
0.9297
0.9394
0.9511
0.9676
0.9837
0.9989
1.0148
1.0320
1.0451
1.0615
1.0799
1.0952
1.1111
1.1200
1.1321
1.1398
1.1480
1.1621
1.1738
1.1835
1.1939
1.2060
1.2174
1.2261
1.2337
1.2390
1.2422
1.2442
1.2449
1.2447
1.2438
1.2428
1.2407
1.2367
1.2294
1.2212
1.2112
1.1992
1.1849
1.1727
1.1576
1.1389
1.1199
1.0968
1.0679
1.0402
1.0163
0.9868
0.9591
0.9295
0.8951
0.8659
0.8461
0.8170
0.7890
0.7608
0.7283
0.6896
0.6654
0.6409
0.5972
0.5599
0.5146
0.4485
0.3991
0.3472
0.2830
0.2504
0.2180
0.2000
0.2000
0.2000
0.2000
0.2000
0.2000
0.2000
0.2000
0.2000
0.2000
0.2000
0.2000
0.2000
0.2000
0.2000
0.2000
0.2000
0.2000
0.2000
0.2000
0.2000
0.2000
0.2000
0.2000
0.2000
0.2000
0.2000
0.2000
0.2000
0.2000
0.2000
0.2000
