0.2000
0.2000
0.2000
0.2000
0.2000
0.2000
0.2000
0.2000
0.2000
0.2000
0.2155
0.2388
0.2540
0.2657
0.2769
0.2885
0.2919
0.3046
0.3244
0.3477
0.3745
0.4052
0.4430
0.4624
0.4785
0.4974
0.5280
0.5562
0.5847
0.6170
0.6553
0.6867
0.7151
0.7457
0.7762
0.7952
0.8174
0.8449
0.8733
0.8930
0.9076
0.9252
0.9460
0.9600
0.9756
0.9925
1.0108
1.0262
1.0439
1.0601
1.0828
1.0955
1.1038
1.1156
1.1284
1.1432
1.1610
1.1747
1.1846
1.1937
1.2046
1.2150
1.2244
1.2325
1.2380
1.2420
1.2444
1.2448
1.2429
1.2387
1.2335
1.2287
1.2211
1.2091
1.1963
1.1811
1.1644
1.1532
1.1395
1.1217
1.0989
1.0779
1.0528
1.0191
0.9987
0.9763
0.9431
0.9013
0.8601
0.8191
0.7663
0.7214
0.6829
0.6502
0.6065
0.5661
0.5299
0.4880
0.4365
0.3917
0.3457
0.2826
0.2257
0.2000
0.2000
0.2000
0.2000
0.2000
0.2000
0.2000
0.2000
0.2000
0.2000
0.2000
0.2000
0.2000
0.2000
0.2000
0.2000
0.2000
0.2000
0.2000
0.2000
0.2000
0.2000
0.2000
0.2000
0.2000
0.2000
0.2000
0.2000
0.2000
0.2000
0.2000
0.2000
0.2000
0.2000
0.2000
0.2000
0.2000
0.2000
0.2000
0.2000
0.2000
0.2000
0.2000
0.2000
0.2000
0.2000
0.2000
0.2000
0.2000
0.2000
