0.2000
0.2000
0.2000
0.2000
0.2000
0.2000
0.2000
0.2000
0.2000
0.2000
0.2000
0.2000
0.2000
0.2000
0.2000
0.2000
0.2000
0.2000
0.2000
0.2000
0.2000
0.2074
0.2145
0.2292
0.2464
0.2501
0.2506
0.2443
0.2430
0.2482
0.2615
0.2818
0.3035
0.3211
0.3416
0.3628
0.3859
0.4044
0.4218
0.4330
0.4440
0.4636
0.4954
0.5203
0.5374
0.5495
0.5586
0.5726
0.5920
0.6168
0.6362
0.6605
0.6884
0.7205
0.7500
0.7768
0.8068
0.8382
0.8687
0.8948
0.9109
0.9259
0.9430
0.9604
0.9732
0.9903
1.0081
1.0309
1.0554
1.0737
1.0917
1.1089
1.1161
1.1294
1.1460
1.1615
1.1732
1.1827
1.1897
1.1972
1.2057
1.2133
1.2201
1.2277
1.2347
1.2392
1.2420
1.2442
1.2450
1.2442
1.2423
1.2394
1.2360
1.2320
1.2273
1.2206
1.2114
1.2007
1.1892
1.1766
1.1639
1.1495
1.1376
1.1273
1.1134
1.0977
1.0776
1.0616
1.0384
1.0083
0.9886
0.9725
0.9515
0.9335
0.9140
0.8835
0.8425
0.8159
0.7986
0.7915
0.7806
0.7640
0.7456
0.7262
0.6970
0.6603
0.6511
0.6386
0.6230
0.6052
0.5915
0.5698
0.5450
0.5232
0.5071
0.4967
0.4697
0.4600
0.4626
0.4663
0.4567
0.4500
0.4511
0.4414
0.4278
0.3983
0.3548
0.3175
0.2718
0.2202
0.2000
0.2000
