0.2000
0.2000
0.2000
0.2000
0.2000
0.2000
0.2000
0.2000
0.2000
0.2000
0.2000
0.2000
0.2000
0.2000
0.2000
0.2000
0.2000
0.2000
0.2000
0.2000
0.2000
0.2000
0.2100
0.2375
0.2623
0.2909
0.3218
0.3501
0.3849
0.4268
0.4550
0.4688
0.4841
0.5059
0.5307
0.5370
0.5336
0.5353
0.5389
0.5466
0.5614
0.5847
0.6110
0.6431
0.6727
0.7031
0.7317
0.7577
0.7808
0.8037
0.8285
0.8463
0.8552
0.8723
0.8948
0.9212
0.9407
0.9583
0.9820
1.0010
1.0167
1.0309
1.0473
1.0621
1.0785
1.0940
1.1072
1.1195
1.1306
1.1390
1.1498
1.1615
1.1741
1.1830
1.1895
1.1976
1.2080
1.2172
1.2258
1.2315
1.2360
1.2400
1.2431
1.2447
1.2448
1.2432
1.2401
1.2359
1.2321
1.2276
1.2211
1.2138
1.2025
1.1897
1.1805
1.1743
1.1668
1.1563
1.1456
1.1332
1.1174
1.0989
1.0779
1.0613
1.0490
1.0361
1.0280
1.0155
0.9963
0.9702
0.9451
0.9189
0.8828
0.8443
0.8138
0.7868
0.7522
0.7197
0.6819
0.6399
0.6009
0.5630
0.5168
0.4656
0.4064
0.3468
0.2999
0.2550
0.2094
0.2000
0.2000
0.2000
0.2000
0.2000
0.2000
0.2000
0.2000
0.2000
0.2000
0.2000
0.2000
0.2000
0.2000
0.2000
0.2000
0.2000
0.2000
0.2000
0.2000
0.2000
0.2000
0.2000
0.2000
