0.2000
0.2000
0.2000
0.2000
0.2000
0.2000
0.2000
0.2000
0.2000
0.2000
0.2000
0.2000
0.2000
0.2000
0.2000
0.2095
0.2493
0.2724
0.2792
0.2709
0.2706
0.2672
0.2730
0.2872
0.3046
0.3316
0.3521
0.3733
0.3981
0.4320
0.4688
0.5113
0.5595
0.6019
0.6333
0.6523
0.6693
0.6813
0.6929
0.7071
0.7273
0.7477
0.7791
0.8204
0.8556
0.8795
0.9035
0.9245
0.9435
0.9640
0.9869
1.0165
1.0406
1.0563
1.0759
1.1008
1.1242
1.1467
1.1673
1.1851
1.2011
1.2148
1.2243
1.2314
1.2363
1.2403
1.2435
1.2448
1.2447
1.2426
1.2392
1.2345
1.2278
1.2183
1.2055
1.1925
1.1766
1.1654
1.1539
1.1354
1.1144
1.0920
1.0697
1.0438
1.0174
0.9890
0.9569
0.9187
0.8749
0.8342
0.7859
0.7286
0.6735
0.6151
0.5661
0.5093
0.4440
0.3828
0.3500
0.3040
0.2440
0.2000
0.2000
0.2000
0.2000
0.2000
0.2000
0.2000
0.2000
0.2000
0.2000
0.2000
0.2000
0.2000
0.2000
0.2000
0.2000
0.2000
0.2000
0.2000
0.2000
0.2000
0.2000
0.2000
0.2000
0.2000
0.2000
0.2000
0.2000
0.2000
0.2000
0.2000
0.2000
0.2000
0.2000
0.2000
0.2000
0.2000
0.2000
0.2000
0.2000
0.2000
0.2000
0.2000
0.2000
0.2000
0.2000
0.2000
0.2000
0.2000
0.2000
0.2000
