0.2000
0.2000
0.2000
0.2000
0.2000
0.2000
0.2000
0.2000
0.2000
0.2000
0.2000
0.2000
0.2000
0.2000
0.2053
0.2339
0.2558
0.2688
0.2735
0.2745
0.2774
0.2872
0.3079
0.3316
0.3552
0.3839
0.4112
0.4355
0.4532
0.4676
0.4839
0.5040
0.5259
0.5495
0.5724
0.5972
0.6161
0.6323
0.6534
0.6826
0.7137
0.7438
0.7694
0.7806
0.7879
0.8051
0.8251
0.8481
0.8714
0.8952
0.9100
0.9319
0.9571
0.9754
0.9823
0.9968
1.0153
1.0356
1.0549
1.0729
1.0878
1.1039
1.1177
1.1264
1.1372
1.1491
1.1600
1.1735
1.1878
1.2004
1.2095
1.2180
1.2268
1.2337
1.2389
1.2426
1.2447
1.2447
1.2438
1.2408
1.2364
1.2297
1.2229
1.2151
1.2042
1.1934
1.1801
1.1640
1.1444
1.1214
1.0980
1.0700
1.0397
1.0136
0.9833
0.9517
0.9315
0.9061
0.8694
0.8221
0.7829
0.7389
0.6801
0.6256
0.5623
0.5021
0.4474
0.3836
0.3183
0.2512
0.2000
0.2000
0.2000
0.2000
0.2000
0.2000
0.2000
0.2000
0.2000
0.2000
0.2000
0.2000
0.2000
0.2000
0.2000
0.2000
0.2000
0.2000
0.2000
0.2000
0.2000
0.2000
0.2000
0.2000
0.2000
0.2000
0.2000
0.2000
0.2000
0.2000
0.2000
0.2000
0.2000
0.2000
0.2000
0.2000
0.2000
0.2000
0.2000
0.2000
0.2000
0.2000
0.2000
