0.2000
0.2000
0.2000
0.2000
0.2000
0.2000
0.2000
0.2000
0.2000
0.2087
0.2108
0.2276
0.2548
0.2883
0.3290
0.3669
0.3806
0.3885
0.4009
0.4275
0.4579
0.4912
0.5251
0.5631
0.6028
0.6337
0.6653
0.7020
0.7273
0.7485
0.7560
0.7692
0.7927
0.8184
0.8467
0.8654
0.8877
0.9129
0.9426
0.9636
0.9768
0.9895
1.0060
1.0259
1.0388
1.0505
1.0602
1.0738
1.0858
1.1010
1.1172
1.1341
1.1497
1.1607
1.1753
1.1892
1.1989
1.2072
1.2142
1.2200
1.2257
1.2313
1.2343
1.2365
1.2395
1.2426
1.2448
1.2447
1.2433
1.2403
1.2361
1.2302
1.2221
1.2103
1.2026
1.1925
1.1788
1.1605
1.1419
1.1219
1.0992
1.0790
1.0609
1.0402
1.0203
0.9979
0.9734
0.9487
0.9189
0.8857
0.8446
0.8043
0.7586
0.7101
0.6669
0.6276
0.5892
0.5366
0.4777
0.4198
0.3480
0.2663
0.2017
0.2000
0.2000
0.2000
0.2000
0.2000
0.2000
0.2000
0.2000
0.2000
0.2000
0.2000
0.2000
0.2000
0.2000
0.2000
0.2000
0.2000
0.2000
0.2000
0.2000
0.2000
0.2000
0.2000
0.2000
0.2000
0.2000
0.2000
0.2000
0.2000
0.2000
0.2000
0.2000
0.2000
0.2000
0.2000
0.2000
0.2000
0.2000
0.2000
0.2000
0.2000
0.2000
0.2000
0.2000
0.2000
0.2000
0.2000
0.2000
0.2000
