0.2000
0.2000
0.2000
0.2000
0.2000
0.2000
0.2000
0.2000
0.2000
0.2000
0.2000
0.2000
0.2000
0.2000
0.2000
0.2000
0.2000
0.2197
0.2430
0.2571
0.2639
0.2763
0.2890
0.3108
0.3370
0.3623
0.3816
0.4064
0.4390
0.4770
0.5096
0.5365
0.5652
0.5934
0.6126
0.6316
0.6532
0.6668
0.6795
0.6969
0.7227
0.7509
0.7837
0.8076
0.8251
0.8429
0.8611
0.8737
0.8882
0.9072
0.9310
0.9558
0.9800
1.0070
1.0298
1.0510
1.0738
1.0885
1.0967
1.1068
1.1150
1.1260
1.1355
1.1494
1.1622
1.1727
1.1835
1.1923
1.1992
1.2076
1.2156
1.2234
1.2301
1.2340
1.2376
1.2410
1.2436
1.2448
1.2449
1.2439
1.2419
1.2380
1.2312
1.2229
1.2146
1.2078
1.1987
1.1861
1.1697
1.1495
1.1297
1.1068
1.0819
1.0513
1.0227
0.9969
0.9651
0.9299
0.9028
0.8739
0.8495
0.8140
0.7801
0.7511
0.7200
0.6850
0.6396
0.5875
0.5217
0.4537
0.3902
0.3296
0.2668
0.2012
0.2000
0.2000
0.2000
0.2000
0.2000
0.2000
0.2000
0.2000
0.2000
0.2000
0.2000
0.2000
0.2000
0.2000
0.2000
0.2000
0.2000
0.2000
0.2000
0.2000
0.2000
0.2000
0.2000
0.2000
0.2000
0.2000
0.2000
0.2000
0.2000
0.2000
0.2000
0.2000
0.2000
0.2000
0.2000
0.2000
0.2000
0.2000
0.2000
