0.2000
0.2000
0.2000
0.2000
0.2000
0.2000
0.2000
0.2000
0.2000
0.2000
0.2000
0.2000
0.2000
0.2000
0.2000
0.2000
0.2069
0.2203
0.2320
0.2506
0.2727
0.2934
0.3105
0.3123
0.3218
0.3275
0.3280
0.3357
0.3452
0.3575
0.3720
0.3910
0.4031
0.4220
0.4390
0.4673
0.4866
0.4998
0.5125
0.5292
0.5528
0.5695
0.5904
0.6122
0.6358
0.6491
0.6600
0.6766
0.6938
0.7120
0.7347
0.7601
0.7873
0.8145
0.8324
0.8489
0.8626
0.8829
0.9111
0.9378
0.9584
0.9766
0.9986
1.0209
1.0391
1.0596
1.0803
1.1028
1.1184
1.1334
1.1450
1.1569
1.1692
1.1808
1.1913
1.2003
1.2097
1.2192
1.2284
1.2351
1.2388
1.2416
1.2432
1.2444
1.2450
1.2445
1.2431
1.2409
1.2377
1.2327
1.2268
1.2181
1.2097
1.1991
1.1870
1.1751
1.1612
1.1449
1.1310
1.1141
1.0955
1.0761
1.0580
1.0381
1.0111
0.9821
0.9615
0.9418
0.9140
0.8949
0.8727
0.8492
0.8122
0.7620
0.7113
0.6613
0.6148
0.5749
0.5235
0.4722
0.4164
0.3730
0.3528
0.3268
0.3003
0.2759
0.2322
0.2000
0.2000
0.2000
0.2000
0.2000
0.2000
0.2000
0.2000
0.2000
0.2000
0.2000
0.2000
0.2000
0.2000
0.2000
0.2000
0.2000
0.2000
0.2000
0.2000
0.2000
0.2000
0.2000
0.2000
0.2000
0.2000
