0.2000
0.2000
0.2000
0.2000
0.2000
0.2000
0.2000
0.2000
0.2000
0.2000
0.2000
0.2000
0.2000
0.2000
0.2077
0.2441
0.2589
0.2659
0.2753
0.2958
0.3226
0.3457
0.3569
0.3580
0.3666
0.3730
0.3717
0.3816
0.4011
0.4213
0.4438
0.4725
0.4996
0.5246
0.5531
0.5814
0.5944
0.6138
0.6330
0.6452
0.6605
0.6851
0.7124
0.7334
0.7560
0.7711
0.7938
0.8180
0.8307
0.8429
0.8615
0.8804
0.9005
0.9219
0.9423
0.9669
0.9813
0.9961
1.0156
1.0356
1.0563
1.0751
1.0922
1.1051
1.1191
1.1314
1.1452
1.1603
1.1764
1.1920
1.2044
1.2153
1.2255
1.2330
1.2379
1.2413
1.2437
1.2449
1.2444
1.2420
1.2385
1.2333
1.2267
1.2190
1.2109
1.2013
1.1903
1.1767
1.1597
1.1429
1.1228
1.1020
1.0807
1.0664
1.0520
1.0287
0.9977
0.9576
0.9166
0.8761
0.8331
0.7915
0.7554
0.7140
0.6688
0.6230
0.5989
0.5678
0.5267
0.4759
0.4179
0.3532
0.2995
0.2407
0.2000
0.2000
0.2000
0.2000
0.2000
0.2000
0.2000
0.2000
0.2000
0.2000
0.2000
0.2000
0.2000
0.2000
0.2000
0.2000
0.2000
0.2000
0.2000
0.2000
0.2000
0.2000
0.2000
0.2000
0.2000
0.2000
0.2000
0.2000
0.2000
0.2000
0.2000
0.2000
0.2000
0.2000
0.2000
0.2000
0.2000
0.2000
0.2000
