6.8
8.6
8.3
2.2
0.1
2.3
2.9
5.4
4.4
6.4
8.4
11.4
13.8
14.4
15.6
17.9
17.4
16.4
9.2
8.8
6.4
9.0
7.7
10.6
11.6
6.4
5.2
2.6
4.5
7.0
10.1
12.8
13.4
11.8
13.0
13.3
14.1
12.3
11.9
9.5
9.4
12.9
17.9
15.2
12.1
10.0
8.8
10.9
13.2
15.6
13.4
15.6
17.4
19.5
18.6
17.6
19.4
20.5
20.5
18.7
13.6
13.2
14.5
14.9
12.5
15.2
15.9
19.5
21.4
17.8
18.2
18.3
10.8
16.1
19.7
19.8
17.0
15.5
13.2
14.3
16.5
16.3
16.4
19.6
21.6
18.8
16.7
19.9
20.0
19.0
18.2
17.3
15.6
15.2
15.2
17.0
19.3
19.1
18.4
18.0
17.0
17.4
14.6
12.8
15.0
15.7
17.8
14.6
18.2
21.0
14.9
12.8
14.8
13.1
13.5
17.8
21.3
15.1
11.4
7.6
8.9
10.9
11.4
11.6
14.7
16.8
7.9
8.9
9.8
10.4
9.1
11.4
12.2
11.2
9.5
7.9
12.4
7.6
4.3
4.0
7.6
6.8
4.7
7.6
8.6
12.7
16.1
14.3
16.1
17.2
11.4
10.3
