0.0
0.0
4.9
3.4
2.8
0.1
1.2
0.4
0.0
0.1
0.0
0.1
0.0
0.0
0.0
0.2
0.5
0.0
0.0
0.0
0.0
0.0
0.1
0.1
0.5
72.8
6.6
14.5
3.2
0.2
0.1
0.0
0.0
0.0
0.0
0.1
1.9
0.0
0.4
0.1
0.0
0.0
0.0
6.5
28.2
25.4
52.6
1.4
0.1
0.0
10.1
0.4
0.1
0.0
0.0
0.1
0.0
0.0
0.3
0.0
0.2
5.4
0.0
0.0
2.4
0.0
0.0
0.0
0.0
3.9
0.8
0.0
3.9
0.5
0.0
0.0
0.0
3.0
4.2
0.1
0.0
0.0
0.0
0.0
0.0
5.5
1.9
0.0
11.8
0.0
0.0
12.9
2.6
0.1
0.1
0.1
0.2
0.3
0.0
0.0
0.0
1.2
27.8
7.1
0.6
0.1
0.0
0.0
0.2
0.0
0.0
0.6
3.1
1.2
0.5
0.0
0.0
0.0
0.0
6.5
0.6
0.0
2.9
0.0
0.2
0.0
8.4
0.4
0.0
0.0
11.2
4.5
0.0
0.1
1.1
0.0
1.4
5.4
2.2
0.1
1.2
0.1
1.5
0.1
0.3
0.0
0.0
0.0
0.0
0.0
0.1
0.0
